-1.479846488740841792e+00
-1.465261251964725675e+00
-1.450676015188609558e+00
-1.436090778412493441e+00
-1.421505541636377545e+00
-1.406920304860261428e+00
-1.392335068084145311e+00
-1.377749831308029194e+00
-1.363164594531913076e+00
-1.348579357755796959e+00
-1.333994120979681064e+00
-1.319408884203564947e+00
-1.304823647427448829e+00
-1.290238410651332712e+00
-1.275653173875216595e+00
-1.261067937099100478e+00
-1.246482700322984360e+00
-1.231897463546868465e+00
-1.217312226770752348e+00
-1.202726989994636231e+00
-1.188141753218520114e+00
-1.173556516442403996e+00
-1.158971279666287879e+00
-1.144386042890171762e+00
-1.129800806114055867e+00
-1.115215569337939749e+00
-1.100630332561823632e+00
-1.086045095785707515e+00
-1.071459859009591398e+00
-1.056874622233475280e+00
-1.042289385457359163e+00
-1.027704148681243268e+00
-1.013118911905127151e+00
-9.985336751290110335e-01
-9.839484383528949163e-01
-9.693632015767787991e-01
-9.547779648006627928e-01
-9.401927280245466756e-01
-9.256074912484305584e-01
-9.110222544723145521e-01
-8.964370176961984349e-01
-8.818517809200823176e-01
-8.672665441439662004e-01
-8.526813073678501942e-01
-8.380960705917340769e-01
-8.235108338156179597e-01
-8.089255970395019535e-01
-7.943403602633858362e-01
-7.797551234872697190e-01
-7.651698867111537128e-01
-7.505846499350375955e-01
-7.359994131589214783e-01
-7.214141763828053611e-01
-7.068289396066893548e-01
-6.922437028305732376e-01
-6.776584660544571204e-01
-6.630732292783411141e-01
-6.484879925022249969e-01
-6.339027557261088797e-01
-6.193175189499928734e-01
-6.047322821738767562e-01
-5.901470453977606390e-01
-5.755618086216445217e-01
-5.609765718455285155e-01
-5.463913350694123983e-01
-5.318060982932962810e-01
-5.172208615171802748e-01
-5.026356247410641576e-01
-4.880503879649480403e-01
-4.734651511888319231e-01
-4.588799144127158058e-01
-4.442946776365999106e-01
-4.297094408604837934e-01
-4.151242040843676762e-01
-4.005389673082515589e-01
-3.859537305321354417e-01
-3.713684937560193244e-01
-3.567832569799032072e-01
-3.421980202037873120e-01
-3.276127834276711948e-01
-3.130275466515550775e-01
-2.984423098754389603e-01
-2.838570730993228430e-01
-2.692718363232067258e-01
-2.546865995470906086e-01
-2.401013627709747134e-01
-2.255161259948585961e-01
-2.109308892187424789e-01
-1.963456524426263616e-01
-1.817604156665102444e-01
-1.671751788903941272e-01
-1.525899421142782320e-01
-1.380047053381621147e-01
-1.234194685620459975e-01
-1.088342317859298802e-01
-9.424899500981376299e-02
-7.966375823369764575e-02
-6.507852145758152851e-02
-5.049328468146563331e-02
-3.590804790534951607e-02
-2.132281112923339883e-02
-6.737574353117281589e-03
7.847662422998835652e-03
2.243289919911495289e-02
3.701813597523107013e-02
5.160337275134696533e-02
6.618860952746308257e-02
8.077384630357919981e-02
9.535908307969531705e-02
1.099443198558114343e-01
1.245295566319275515e-01
1.391147934080436688e-01
1.537000301841595640e-01
1.682852669602756812e-01
1.828705037363917985e-01
1.974557405125079157e-01
2.120409772886240329e-01
2.266262140647401502e-01
2.412114508408560454e-01
2.557966876169721626e-01
2.703819243930882799e-01
2.849671611692043971e-01
2.995523979453205143e-01
3.141376347214366316e-01
3.287228714975527488e-01
3.433081082736686440e-01
3.578933450497847613e-01
3.724785818259008785e-01
3.870638186020169957e-01
4.016490553781331130e-01
4.162342921542492302e-01
4.308195289303653475e-01
4.454047657064812427e-01
4.599900024825973599e-01
4.745752392587134771e-01
4.891604760348295944e-01
5.037457128109457116e-01
5.183309495870618289e-01
5.329161863631779461e-01
5.475014231392938413e-01
5.620866599154101806e-01
5.766718966915260758e-01
5.912571334676419710e-01
6.058423702437583103e-01
6.204276070198742055e-01
6.350128437959905447e-01
6.495980805721064399e-01
6.641833173482227792e-01
6.787685541243386744e-01
6.933537909004545696e-01
7.079390276765709089e-01
7.225242644526868041e-01
7.371095012288031434e-01
7.516947380049190386e-01
7.662799747810353779e-01
7.808652115571512731e-01
7.954504483332671683e-01
8.100356851093835076e-01
8.246209218854994027e-01
8.392061586616157420e-01
8.537913954377316372e-01
8.683766322138479765e-01
8.829618689899638717e-01
8.975471057660797669e-01
9.121323425421961062e-01
9.267175793183120014e-01
9.413028160944283407e-01
9.558880528705442359e-01
9.704732896466605752e-01
9.850585264227764704e-01
9.996437631988923656e-01
1.014228999975008705e+00
1.028814236751124600e+00
1.043399473527240939e+00
1.057984710303356835e+00
1.072569947079473174e+00
1.087155183855589069e+00
1.101740420631704964e+00
1.116325657407821303e+00
1.130910894183937199e+00
1.145496130960053538e+00
1.160081367736169433e+00
1.174666604512285328e+00
1.189251841288401668e+00
1.203837078064517563e+00
1.218422314840633902e+00
1.233007551616749797e+00
1.247592788392866137e+00
1.262178025168982032e+00
1.276763261945097927e+00
1.291348498721214266e+00
1.305933735497330161e+00
1.320518972273446501e+00
1.335104209049562396e+00
1.349689445825678735e+00
1.364274682601794630e+00
1.378859919377910526e+00
1.393445156154026865e+00
1.408030392930142760e+00
1.422615629706259099e+00
1.437200866482374995e+00
1.451786103258491334e+00
1.466371340034607229e+00
1.480956576810723124e+00
1.495541813586839464e+00
1.510127050362955359e+00
1.524712287139071698e+00
1.539297523915187593e+00
1.553882760691303933e+00
1.568467997467419828e+00
1.583053234243535723e+00
1.597638471019652062e+00
1.612223707795767957e+00
1.626808944571884297e+00
1.641394181348000192e+00
1.655979418124116531e+00
1.670564654900232426e+00
1.685149891676348322e+00
1.699735128452464661e+00
1.714320365228580556e+00
1.728905602004696895e+00
1.743490838780812791e+00
1.758076075556929130e+00
1.772661312333045025e+00
1.787246549109160920e+00
1.801831785885277259e+00
1.816417022661393155e+00
1.831002259437509494e+00
1.845587496213625389e+00
1.860172732989741728e+00
1.874757969765857624e+00
1.889343206541973519e+00
1.903928443318089858e+00
1.918513680094205753e+00
1.933098916870322093e+00
1.947684153646437988e+00
1.962269390422553883e+00
1.976854627198670222e+00
1.991439863974786117e+00
2.006025100750902457e+00
2.020610337527018352e+00
2.035195574303134691e+00
2.049780811079250586e+00
2.064366047855366482e+00
2.078951284631482821e+00
2.093536521407598716e+00
2.108121758183715055e+00
2.122706994959830951e+00
2.137292231735947290e+00
2.151877468512063185e+00
2.166462705288179080e+00
2.181047942064295420e+00
2.195633178840411315e+00
2.210218415616527654e+00
2.224803652392643549e+00
2.239388889168759889e+00
2.253974125944875784e+00
2.268559362720991679e+00
2.283144599497108018e+00
2.297729836273223913e+00
2.312315073049340253e+00
2.326900309825456148e+00
2.341485546601572487e+00
2.356070783377688382e+00
2.370656020153804278e+00
2.385241256929920617e+00
2.399826493706036512e+00
2.414411730482152851e+00
2.428996967258268747e+00
2.443582204034385086e+00
2.458167440810500981e+00
2.472752677586616876e+00
2.487337914362733216e+00
2.501923151138849111e+00
2.516508387914965450e+00
2.531093624691081345e+00
2.545678861467197684e+00
2.560264098243313136e+00
2.574849335019429475e+00
2.589434571795545814e+00
2.604019808571662153e+00
2.618605045347777605e+00
2.633190282123893944e+00
2.647775518900010283e+00
2.662360755676125734e+00
2.676945992452242074e+00
2.691531229228358413e+00
2.706116466004474752e+00
2.720701702780590203e+00
2.735286939556706542e+00
2.749872176332822882e+00
2.764457413108938333e+00
2.779042649885055116e+00
