-1.477574885261122795e+00
-1.463002664679134091e+00
-1.448430444097145608e+00
-1.433858223515156904e+00
-1.419286002933168200e+00
-1.404713782351179718e+00
-1.390141561769191014e+00
-1.375569341187202310e+00
-1.360997120605213828e+00
-1.346424900023225124e+00
-1.331852679441236642e+00
-1.317280458859247938e+00
-1.302708238277259234e+00
-1.288136017695270752e+00
-1.273563797113282048e+00
-1.258991576531293344e+00
-1.244419355949304862e+00
-1.229847135367316158e+00
-1.215274914785327454e+00
-1.200702694203338972e+00
-1.186130473621350268e+00
-1.171558253039361563e+00
-1.156986032457373081e+00
-1.142413811875384377e+00
-1.127841591293395673e+00
-1.113269370711407191e+00
-1.098697150129418487e+00
-1.084124929547429783e+00
-1.069552708965441301e+00
-1.054980488383452597e+00
-1.040408267801463893e+00
-1.025836047219475411e+00
-1.011263826637486707e+00
-9.966916060554980028e-01
-9.821193854735095208e-01
-9.675471648915208167e-01
-9.529749443095322237e-01
-9.384027237275435196e-01
-9.238305031455549265e-01
-9.092582825635663335e-01
-8.946860619815777405e-01
-8.801138413995890364e-01
-8.655416208176004433e-01
-8.509694002356118503e-01
-8.363971796536231462e-01
-8.218249590716345532e-01
-8.072527384896459601e-01
-7.926805179076572561e-01
-7.781082973256686630e-01
-7.635360767436800700e-01
-7.489638561616913659e-01
-7.343916355797027729e-01
-7.198194149977141798e-01
-7.052471944157254757e-01
-6.906749738337368827e-01
-6.761027532517482896e-01
-6.615305326697595856e-01
-6.469583120877709925e-01
-6.323860915057823995e-01
-6.178138709237938064e-01
-6.032416503418051024e-01
-5.886694297598165093e-01
-5.740972091778279163e-01
-5.595249885958392122e-01
-5.449527680138506192e-01
-5.303805474318620261e-01
-5.158083268498733220e-01
-5.012361062678847290e-01
-4.866638856858961359e-01
-4.720916651039075429e-01
-4.575194445219188388e-01
-4.429472239399301348e-01
-4.283750033579416527e-01
-4.138027827759529487e-01
-3.992305621939642446e-01
-3.846583416119757626e-01
-3.700861210299870585e-01
-3.555139004479983544e-01
-3.409416798660098724e-01
-3.263694592840211683e-01
-3.117972387020326863e-01
-2.972250181200439823e-01
-2.826527975380552782e-01
-2.680805769560667962e-01
-2.535083563740780921e-01
-2.389361357920893880e-01
-2.243639152101009060e-01
-2.097916946281122019e-01
-1.952194740461234979e-01
-1.806472534641350158e-01
-1.660750328821463118e-01
-1.515028123001576077e-01
-1.369305917181691257e-01
-1.223583711361804216e-01
-1.077861505541917175e-01
-9.321392997220323551e-02
-7.864170939021453144e-02
-6.406948880822582737e-02
-4.949726822623734535e-02
-3.492504764424864128e-02
-2.035282706225993721e-02
-5.780606480271455183e-03
8.791614101717248886e-03
2.336383468370595295e-02
3.793605526569443498e-02
5.250827584768313905e-02
6.708049642967184312e-02
8.165271701166032514e-02
9.622493759364902921e-02
1.107971581756377333e-01
1.253693787576262153e-01
1.399415993396149194e-01
1.545138199216036234e-01
1.690860405035921055e-01
1.836582610855808095e-01
1.982304816675692916e-01
2.128027022495579956e-01
2.273749228315466997e-01
2.419471434135351817e-01
2.565193639955238858e-01
2.710915845775125899e-01
2.856638051595010719e-01
3.002360257414897760e-01
3.148082463234784800e-01
3.293804669054669620e-01
3.439526874874556661e-01
3.585249080694443702e-01
3.730971286514328522e-01
3.876693492334215563e-01
4.022415698154102603e-01
4.168137903973987424e-01
4.313860109793874464e-01
4.459582315613761505e-01
4.605304521433646325e-01
4.751026727253533366e-01
4.896748933073420407e-01
5.042471138893305227e-01
5.188193344713192268e-01
5.333915550533077088e-01
5.479637756352966349e-01
5.625359962172851169e-01
5.771082167992735990e-01
5.916804373812625251e-01
6.062526579632510071e-01
6.208248785452394891e-01
6.353970991272284152e-01
6.499693197092168973e-01
6.645415402912053793e-01
6.791137608731943054e-01
6.936859814551827874e-01
7.082582020371712694e-01
7.228304226191601956e-01
7.374026432011486776e-01
7.519748637831371596e-01
7.665470843651260857e-01
7.811193049471145677e-01
7.956915255291030498e-01
8.102637461110919759e-01
8.248359666930804579e-01
8.394081872750689399e-01
8.539804078570574219e-01
8.685526284390463481e-01
8.831248490210348301e-01
8.976970696030233121e-01
9.122692901850122382e-01
9.268415107670007203e-01
9.414137313489892023e-01
9.559859519309781284e-01
9.705581725129666104e-01
9.851303930949550924e-01
9.997026136769440186e-01
1.014274834258932501e+00
1.028847054840920983e+00
1.043419275422909909e+00
1.057991496004898391e+00
1.072563716586886873e+00
1.087135937168875799e+00
1.101708157750864281e+00
1.116280378332852763e+00
1.130852598914841689e+00
1.145424819496830171e+00
1.159997040078818653e+00
1.174569260660807579e+00
1.189141481242796061e+00
1.203713701824784543e+00
1.218285922406773469e+00
1.232858142988761951e+00
1.247430363570750433e+00
1.262002584152739360e+00
1.276574804734727842e+00
1.291147025316716324e+00
1.305719245898705250e+00
1.320291466480693732e+00
1.334863687062682214e+00
1.349435907644671140e+00
1.364008128226659622e+00
1.378580348808648104e+00
1.393152569390637030e+00
1.407724789972625512e+00
1.422297010554613994e+00
1.436869231136602920e+00
1.451441451718591402e+00
1.466013672300579884e+00
1.480585892882568810e+00
1.495158113464557292e+00
1.509730334046545774e+00
1.524302554628534700e+00
1.538874775210523183e+00
1.553446995792511665e+00
1.568019216374500591e+00
1.582591436956489073e+00
1.597163657538477555e+00
1.611735878120466481e+00
1.626308098702454963e+00
1.640880319284443445e+00
1.655452539866432371e+00
1.670024760448420853e+00
1.684596981030409335e+00
1.699169201612398261e+00
1.713741422194386743e+00
1.728313642776375225e+00
1.742885863358364151e+00
1.757458083940352633e+00
1.772030304522341115e+00
1.786602525104330041e+00
1.801174745686318523e+00
1.815746966268307006e+00
1.830319186850295488e+00
1.844891407432284414e+00
1.859463628014272896e+00
1.874035848596261378e+00
1.888608069178250304e+00
1.903180289760238786e+00
1.917752510342227268e+00
1.932324730924216194e+00
1.946896951506204676e+00
1.961469172088193158e+00
1.976041392670182084e+00
1.990613613252170566e+00
2.005185833834159048e+00
2.019758054416147974e+00
2.034330274998136456e+00
2.048902495580124938e+00
2.063474716162113864e+00
2.078046936744102346e+00
2.092619157326090829e+00
2.107191377908079755e+00
2.121763598490068237e+00
2.136335819072056719e+00
2.150908039654045645e+00
2.165480260236034127e+00
2.180052480818022609e+00
2.194624701400011535e+00
2.209196921982000017e+00
2.223769142563988499e+00
2.238341363145977425e+00
2.252913583727965907e+00
2.267485804309954389e+00
2.282058024891943315e+00
2.296630245473931797e+00
2.311202466055920279e+00
2.325774686637909205e+00
2.340346907219897687e+00
2.354919127801886169e+00
2.369491348383875096e+00
2.384063568965863578e+00
2.398635789547852060e+00
2.413208010129840986e+00
2.427780230711829468e+00
2.442352451293817950e+00
2.456924671875806876e+00
2.471496892457795358e+00
2.486069113039783840e+00
2.500641333621772766e+00
2.515213554203761248e+00
2.529785774785749730e+00
2.544357995367738212e+00
2.558930215949726694e+00
2.573502436531716064e+00
2.588074657113704546e+00
2.602646877695693028e+00
2.617219098277681510e+00
2.631791318859669992e+00
2.646363539441658475e+00
2.660935760023647845e+00
2.675507980605636327e+00
2.690080201187624809e+00
2.704652421769613291e+00
2.719224642351601773e+00
2.733796862933590255e+00
2.748369083515579625e+00
2.762941304097568107e+00
2.777513524679556589e+00
