-9.320058212883166604e-01
-9.173907138784666015e-01
-9.027756064686166537e-01
-8.881604990587665949e-01
-8.735453916489166470e-01
-8.589302842390665882e-01
-8.443151768292165293e-01
-8.297000694193665815e-01
-8.150849620095165227e-01
-8.004698545996664638e-01
-7.858547471898165160e-01
-7.712396397799664571e-01
-7.566245323701163983e-01
-7.420094249602664505e-01
-7.273943175504163916e-01
-7.127792101405663328e-01
-6.981641027307163849e-01
-6.835489953208664371e-01
-6.689338879110163782e-01
-6.543187805011663194e-01
-6.397036730913163716e-01
-6.250885656814663127e-01
-6.104734582716162539e-01
-5.958583508617663060e-01
-5.812432434519162472e-01
-5.666281360420661883e-01
-5.520130286322162405e-01
-5.373979212223661817e-01
-5.227828138125161228e-01
-5.081677064026661750e-01
-4.935525989928161161e-01
-4.789374915829661128e-01
-4.643223841731161095e-01
-4.497072767632661061e-01
-4.350921693534161028e-01
-4.204770619435660439e-01
-4.058619545337160961e-01
-3.912468471238660372e-01
-3.766317397140159784e-01
-3.620166323041660306e-01
-3.474015248943159717e-01
-3.327864174844659129e-01
-3.181713100746159650e-01
-3.035562026647659062e-01
-2.889410952549158473e-01
-2.743259878450658995e-01
-2.597108804352158407e-01
-2.450957730253658928e-01
-2.304806656155158340e-01
-2.158655582056657751e-01
-2.012504507958158273e-01
-1.866353433859657684e-01
-1.720202359761158206e-01
-1.574051285662657618e-01
-1.427900211564157029e-01
-1.281749137465657551e-01
-1.135598063367156962e-01
-9.894469892686563739e-02
-8.432959151701568956e-02
-6.971448410716563071e-02
-5.509937669731557186e-02
-4.048426928746562403e-02
-2.586916187761556518e-02
-1.125405446776561735e-02
3.361052942084441497e-03
1.797616035193450035e-02
3.259126776178444818e-02
4.720637517163450703e-02
6.182148258148445485e-02
7.643658999133462473e-02
9.105169740118457256e-02
1.056668048110345204e-01
1.202819122208844682e-01
1.348970196307346381e-01
1.495121270405845859e-01
1.641272344504345337e-01
1.787423418602847036e-01
1.933574492701346514e-01
2.079725566799845993e-01
2.225876640898347691e-01
2.372027714996847170e-01
2.518178789095346648e-01
2.664329863193848347e-01
2.810480937292347825e-01
2.956632011390847303e-01
3.102783085489349002e-01
3.248934159587848480e-01
3.395085233686347959e-01
3.541236307784849657e-01
3.687387381883349136e-01
3.833538455981848614e-01
3.979689530080348092e-01
4.125840604178849791e-01
4.271991678277349269e-01
4.418142752375848747e-01
4.564293826474350446e-01
4.710444900572849924e-01
4.856595974671349403e-01
5.002747048769851101e-01
5.148898122868350580e-01
5.295049196966850058e-01
5.441200271065351757e-01
5.587351345163851235e-01
5.733502419262350713e-01
5.879653493360850192e-01
6.025804567459351890e-01
6.171955641557851369e-01
6.318106715656350847e-01
6.464257789754852546e-01
6.610408863853352024e-01
6.756559937951851502e-01
6.902711012050353201e-01
7.048862086148852679e-01
7.195013160247352157e-01
7.341164234345853856e-01
7.487315308444353334e-01
7.633466382542852813e-01
7.779617456641354512e-01
7.925768530739853990e-01
8.071919604838353468e-01
8.218070678936855167e-01
8.364221753035354645e-01
8.510372827133854123e-01
8.656523901232353602e-01
8.802674975330855300e-01
8.948826049429354779e-01
9.094977123527854257e-01
9.241128197626355956e-01
9.387279271724855434e-01
9.533430345823354912e-01
9.679581419921856611e-01
9.825732494020356089e-01
9.971883568118855568e-01
1.011803464221735727e+00
1.026418571631585674e+00
1.041033679041435622e+00
1.055648786451285570e+00
1.070263893861135518e+00
1.084879001270985910e+00
1.099494108680835858e+00
1.114109216090685806e+00
1.128724323500535753e+00
1.143339430910385701e+00
1.157954538320235649e+00
1.172569645730085597e+00
1.187184753139935989e+00
1.201799860549785937e+00
1.216414967959635884e+00
1.231030075369485832e+00
1.245645182779335780e+00
1.260260290189185728e+00
1.274875397599036120e+00
1.289490505008886068e+00
1.304105612418736015e+00
1.318720719828585963e+00
1.333335827238435911e+00
1.347950934648285859e+00
1.362566042058136251e+00
1.377181149467986199e+00
1.391796256877836147e+00
1.406411364287686094e+00
1.421026471697536042e+00
1.435641579107385990e+00
1.450256686517235938e+00
1.464871793927086330e+00
1.479486901336936278e+00
1.494102008746786225e+00
1.508717116156636173e+00
1.523332223566486121e+00
1.537947330976336069e+00
1.552562438386186461e+00
1.567177545796036409e+00
1.581792653205886356e+00
1.596407760615736304e+00
1.611022868025586252e+00
1.625637975435436200e+00
1.640253082845286592e+00
1.654868190255136540e+00
1.669483297664986488e+00
1.684098405074836435e+00
1.698713512484686383e+00
1.713328619894536331e+00
1.727943727304386279e+00
1.742558834714236671e+00
1.757173942124086619e+00
1.771789049533936566e+00
1.786404156943786514e+00
1.801019264353636462e+00
1.815634371763486410e+00
1.830249479173336802e+00
1.844864586583186750e+00
1.859479693993036697e+00
1.874094801402886645e+00
1.888709908812736593e+00
1.903325016222586541e+00
1.917940123632436489e+00
1.932555231042286881e+00
1.947170338452136829e+00
1.961785445861986776e+00
1.976400553271836724e+00
1.991015660681686672e+00
2.005630768091536620e+00
2.020245875501387012e+00
2.034860982911236960e+00
2.049476090321086907e+00
2.064091197730936855e+00
2.078706305140786803e+00
2.093321412550636751e+00
2.107936519960486699e+00
2.122551627370337091e+00
2.137166734780187038e+00
2.151781842190036986e+00
2.166396949599886934e+00
2.181012057009736882e+00
2.195627164419586830e+00
2.210242271829437222e+00
2.224857379239287170e+00
2.239472486649137117e+00
2.254087594058987065e+00
2.268702701468837013e+00
2.283317808878686961e+00
2.297932916288537353e+00
2.312548023698387301e+00
2.327163131108237248e+00
2.341778238518087196e+00
2.356393345927937144e+00
2.371008453337787092e+00
2.385623560747637040e+00
2.400238668157487432e+00
2.414853775567337379e+00
2.429468882977187327e+00
2.444083990387037275e+00
2.458699097796887223e+00
2.473314205206737171e+00
2.487929312616587563e+00
2.502544420026437511e+00
2.517159527436287458e+00
2.531774634846137406e+00
2.546389742255987354e+00
2.561004849665837302e+00
2.575619957075687694e+00
2.590235064485537642e+00
2.604850171895387589e+00
2.619465279305237537e+00
2.634080386715087485e+00
2.648695494124937433e+00
2.663310601534787381e+00
2.677925708944637773e+00
2.692540816354487720e+00
2.707155923764337668e+00
2.721771031174187616e+00
2.736386138584037564e+00
2.751001245993887512e+00
2.765616353403737904e+00
2.780231460813587852e+00
2.794846568223437799e+00
2.809461675633287747e+00
2.824076783043137695e+00
2.838691890452987643e+00
2.853306997862837591e+00
2.867922105272687983e+00
2.882537212682537930e+00
2.897152320092387878e+00
2.911767427502237826e+00
2.926382534912087774e+00
2.940997642321937722e+00
2.955612749731788114e+00
2.970227857141638061e+00
2.984842964551488009e+00
2.999458071961337957e+00
3.014073179371187905e+00
3.028688286781037853e+00
3.043303394190887801e+00
3.057918501600738193e+00
3.072533609010587696e+00
3.087148716420437644e+00
3.101763823830288480e+00
3.116378931240138428e+00
3.130994038649988376e+00
3.145609146059838324e+00
3.160224253469688271e+00
3.174839360879538219e+00
3.189454468289388167e+00
3.204069575699238115e+00
3.218684683109088063e+00
3.233299790518938011e+00
3.247914897928787958e+00
3.262530005338637906e+00
3.277145112748487854e+00
3.291760220158338690e+00
3.306375327568188638e+00
3.320990434978038586e+00
3.335605542387888534e+00
3.350220649797738481e+00
3.364835757207588429e+00
3.379450864617438377e+00
3.394065972027288325e+00
3.408681079437138273e+00
3.423296186846988221e+00
3.437911294256838168e+00
3.452526401666688116e+00
3.467141509076538952e+00
3.481756616486388900e+00
3.496371723896238848e+00
3.510986831306088796e+00
3.525601938715938743e+00
3.540217046125788691e+00
3.554832153535638639e+00
3.569447260945488587e+00
3.584062368355338535e+00
3.598677475765188483e+00
3.613292583175038430e+00
3.627907690584888378e+00
3.642522797994738326e+00
3.657137905404589162e+00
3.671753012814439110e+00
3.686368120224289058e+00
3.700983227634139006e+00
3.715598335043988953e+00
3.730213442453838901e+00
3.744828549863688849e+00
3.759443657273538797e+00
3.774058764683388745e+00
3.788673872093238693e+00
3.803288979503088640e+00
3.817904086912938588e+00
3.832519194322788536e+00
3.847134301732639372e+00
3.861749409142489320e+00
3.876364516552339268e+00
3.890979623962189216e+00
3.905594731372039163e+00
3.920209838781889111e+00
3.934824946191739059e+00
3.949440053601589007e+00
3.964055161011438955e+00
3.978670268421288903e+00
3.993285375831138850e+00
4.007900483240988798e+00
4.022515590650838746e+00
4.037130698060689582e+00
4.051745805470539530e+00
4.066360912880389478e+00
4.080976020290239425e+00
4.095591127700089373e+00
4.110206235109939321e+00
4.124821342519789269e+00
4.139436449929639217e+00
4.154051557339489165e+00
4.168666664749339112e+00
4.183281772159189060e+00
4.197896879569039008e+00
4.212511986978889844e+00
4.227127094388739792e+00
4.241742201798589740e+00
4.256357309208439688e+00
4.270972416618289635e+00
4.285587524028139583e+00
4.300202631437989531e+00
4.314817738847839479e+00
4.329432846257689427e+00
4.344047953667539375e+00
4.358663061077389322e+00
