-9.317946128811992468e-01
-9.172182059710562996e-01
-9.026417990609133524e-01
-8.880653921507704052e-01
-8.734889852406275690e-01
-8.589125783304846218e-01
-8.443361714203416746e-01
-8.297597645101987274e-01
-8.151833576000557802e-01
-8.006069506899128330e-01
-7.860305437797698858e-01
-7.714541368696270496e-01
-7.568777299594839914e-01
-7.423013230493411552e-01
-7.277249161391982080e-01
-7.131485092290552608e-01
-6.985721023189123136e-01
-6.839956954087693664e-01
-6.694192884986264191e-01
-6.548428815884834719e-01
-6.402664746783406358e-01
-6.256900677681975775e-01
-6.111136608580547414e-01
-5.965372539479117941e-01
-5.819608470377688469e-01
-5.673844401276258997e-01
-5.528080332174829525e-01
-5.382316263073401164e-01
-5.236552193971970581e-01
-5.090788124870542219e-01
-4.945024055769112747e-01
-4.799259986667683275e-01
-4.653495917566253803e-01
-4.507731848464824331e-01
-4.361967779363394859e-01
-4.216203710261965387e-01
-4.070439641160535915e-01
-3.924675572059107553e-01
-3.778911502957678081e-01
-3.633147433856248609e-01
-3.487383364754819137e-01
-3.341619295653389665e-01
-3.195855226551960193e-01
-3.050091157450530721e-01
-2.904327088349102359e-01
-2.758563019247672887e-01
-2.612798950146243415e-01
-2.467034881044813943e-01
-2.321270811943384471e-01
-2.175506742841954999e-01
-2.029742673740525527e-01
-1.883978604639096055e-01
-1.738214535537666583e-01
-1.592450466436238221e-01
-1.446686397334808749e-01
-1.300922328233379277e-01
-1.155158259131949805e-01
-1.009394190030520333e-01
-8.636301209290908609e-02
-7.178660518276613889e-02
-5.721019827262330271e-02
-4.263379136248035550e-02
-2.805738445233740830e-02
-1.348097754219446109e-02
1.095429367948486110e-03
1.567183627809143331e-02
3.024824318823438052e-02
4.482465009837732772e-02
5.940105700852027493e-02
7.397746391866311111e-02
8.855387082880616934e-02
1.031302777389490055e-01
1.177066846490920637e-01
1.322830915592348999e-01
1.468594984693777361e-01
1.614359053795207943e-01
1.760123122896636305e-01
1.905887191998066887e-01
2.051651261099495249e-01
2.197415330200925832e-01
2.343179399302354193e-01
2.488943468403782555e-01
2.634707537505213137e-01
2.780471606606641499e-01
2.926235675708072081e-01
3.071999744809500443e-01
3.217763813910931026e-01
3.363527883012359387e-01
3.509291952113787749e-01
3.655056021215218331e-01
3.800820090316646693e-01
3.946584159418077276e-01
4.092348228519505637e-01
4.238112297620936220e-01
4.383876366722364581e-01
4.529640435823795164e-01
4.675404504925223526e-01
4.821168574026651887e-01
4.966932643128082470e-01
5.112696712229510831e-01
5.258460781330941414e-01
5.404224850432369776e-01
5.549988919533800358e-01
5.695752988635228720e-01
5.841517057736659302e-01
5.987281126838087664e-01
6.133045195939516026e-01
6.278809265040946608e-01
6.424573334142374970e-01
6.570337403243805552e-01
6.716101472345233914e-01
6.861865541446664496e-01
7.007629610548092858e-01
7.153393679649521220e-01
7.299157748750951802e-01
7.444921817852380164e-01
7.590685886953810746e-01
7.736449956055239108e-01
7.882214025156669690e-01
8.027978094258098052e-01
8.173742163359526414e-01
8.319506232460956996e-01
8.465270301562385358e-01
8.611034370663815940e-01
8.756798439765244302e-01
8.902562508866674884e-01
9.048326577968103246e-01
9.194090647069533828e-01
9.339854716170962190e-01
9.485618785272390552e-01
9.631382854373821134e-01
9.777146923475249496e-01
9.922910992576680078e-01
1.006867506167810955e+00
1.021443913077953791e+00
1.036020319988096627e+00
1.050596726898239908e+00
1.065173133808382744e+00
1.079749540718525580e+00
1.094325947628668416e+00
1.108902354538811696e+00
1.123478761448954533e+00
1.138055168359097369e+00
1.152631575269240205e+00
1.167207982179383485e+00
1.181784389089526321e+00
1.196360795999669158e+00
1.210937202909811994e+00
1.225513609819954830e+00
1.240090016730098110e+00
1.254666423640240946e+00
1.269242830550383783e+00
1.283819237460526619e+00
1.298395644370669455e+00
1.312972051280812735e+00
1.327548458190955571e+00
1.342124865101098408e+00
1.356701272011241244e+00
1.371277678921384524e+00
1.385854085831527360e+00
1.400430492741670196e+00
1.415006899651813033e+00
1.429583306561955869e+00
1.444159713472099149e+00
1.458736120382241985e+00
1.473312527292384821e+00
1.487888934202527658e+00
1.502465341112670938e+00
1.517041748022813774e+00
1.531618154932956610e+00
1.546194561843099446e+00
1.560770968753242283e+00
1.575347375663385563e+00
1.589923782573528399e+00
1.604500189483671235e+00
1.619076596393814071e+00
1.633653003303956908e+00
1.648229410214100188e+00
1.662805817124243024e+00
1.677382224034385860e+00
1.691958630944528696e+00
1.706535037854671977e+00
1.721111444764814813e+00
1.735687851674957649e+00
1.750264258585100485e+00
1.764840665495243321e+00
1.779417072405386602e+00
1.793993479315529438e+00
1.808569886225672274e+00
1.823146293135815110e+00
1.837722700045958391e+00
1.852299106956101227e+00
1.866875513866244063e+00
1.881451920776386899e+00
1.896028327686529735e+00
1.910604734596673016e+00
1.925181141506815852e+00
1.939757548416958688e+00
1.954333955327101524e+00
1.968910362237244804e+00
1.983486769147387641e+00
1.998063176057530477e+00
2.012639582967673313e+00
2.027215989877816149e+00
2.041792396787959429e+00
2.056368803698102266e+00
2.070945210608245102e+00
2.085521617518387938e+00
2.100098024428531218e+00
2.114674431338674054e+00
2.129250838248816891e+00
2.143827245158959727e+00
2.158403652069102563e+00
2.172980058979245843e+00
2.187556465889388679e+00
2.202132872799531516e+00
2.216709279709674352e+00
2.231285686619817188e+00
2.245862093529960468e+00
2.260438500440103304e+00
2.275014907350246141e+00
2.289591314260388977e+00
2.304167721170532257e+00
2.318744128080675093e+00
2.333320534990817929e+00
2.347896941900960766e+00
2.362473348811103602e+00
2.377049755721246882e+00
2.391626162631389718e+00
2.406202569541532554e+00
2.420778976451675391e+00
2.435355383361818671e+00
2.449931790271961507e+00
2.464508197182104343e+00
2.479084604092247179e+00
2.493661011002390016e+00
2.508237417912533296e+00
2.522813824822676132e+00
2.537390231732818968e+00
2.551966638642961804e+00
2.566543045553104641e+00
2.581119452463247921e+00
2.595695859373390757e+00
2.610272266283533593e+00
2.624848673193676429e+00
2.639425080103819710e+00
2.654001487013962546e+00
2.668577893924105382e+00
2.683154300834248218e+00
2.697730707744391054e+00
2.712307114654534335e+00
2.726883521564677171e+00
2.741459928474820007e+00
2.756036335384962843e+00
2.770612742295106123e+00
2.785189149205248960e+00
2.799765556115391796e+00
2.814341963025534632e+00
2.828918369935677468e+00
2.843494776845820748e+00
2.858071183755963585e+00
2.872647590666106421e+00
2.887223997576249257e+00
2.901800404486392537e+00
2.916376811396535373e+00
2.930953218306678210e+00
2.945529625216821046e+00
2.960106032126963882e+00
2.974682439037107162e+00
2.989258845947249998e+00
3.003835252857392835e+00
3.018411659767535671e+00
3.032988066677678951e+00
3.047564473587821787e+00
3.062140880497964623e+00
3.076717287408107460e+00
3.091293694318250296e+00
3.105870101228393132e+00
3.120446508138535968e+00
3.135022915048679693e+00
3.149599321958822529e+00
3.164175728868965365e+00
3.178752135779108201e+00
3.193328542689251037e+00
3.207904949599393873e+00
3.222481356509536710e+00
3.237057763419679546e+00
3.251634170329822382e+00
3.266210577239966106e+00
3.280786984150108943e+00
3.295363391060251779e+00
3.309939797970394615e+00
3.324516204880537451e+00
3.339092611790680287e+00
3.353669018700823123e+00
3.368245425610965960e+00
3.382821832521108796e+00
3.397398239431251632e+00
3.411974646341395356e+00
3.426551053251538193e+00
3.441127460161681029e+00
3.455703867071823865e+00
3.470280273981966701e+00
3.484856680892109537e+00
3.499433087802252373e+00
3.514009494712395210e+00
3.528585901622538046e+00
3.543162308532681770e+00
3.557738715442824606e+00
3.572315122352967443e+00
3.586891529263110279e+00
3.601467936173253115e+00
3.616044343083395951e+00
3.630620749993538787e+00
3.645197156903681623e+00
3.659773563813824460e+00
3.674349970723968184e+00
3.688926377634111020e+00
3.703502784544253856e+00
3.718079191454396693e+00
3.732655598364539529e+00
3.747232005274682365e+00
3.761808412184825201e+00
3.776384819094968037e+00
3.790961226005110873e+00
3.805537632915254598e+00
3.820114039825397434e+00
3.834690446735540270e+00
3.849266853645683106e+00
3.863843260555825943e+00
3.878419667465968779e+00
3.892996074376111615e+00
3.907572481286254451e+00
3.922148888196397287e+00
3.936725295106541012e+00
3.951301702016683848e+00
3.965878108926826684e+00
3.980454515836969520e+00
3.995030922747112356e+00
4.009607329657255193e+00
4.024183736567398029e+00
4.038760143477540865e+00
4.053336550387683701e+00
4.067912957297827425e+00
4.082489364207970262e+00
4.097065771118113098e+00
4.111642178028255934e+00
4.126218584938398770e+00
4.140794991848541606e+00
4.155371398758684442e+00
4.169947805668827279e+00
4.184524212578970115e+00
4.199100619489112951e+00
4.213677026399256675e+00
4.228253433309399512e+00
4.242829840219542348e+00
4.257406247129685184e+00
4.271982654039828020e+00
4.286559060949970856e+00
4.301135467860113692e+00
4.315711874770256529e+00
4.330288281680399365e+00
4.344864688590543089e+00
4.359441095500685925e+00
