-1.460888656810079622e+00
-1.456002653574920869e+00
-1.451116650339761893e+00
-1.446230647104603140e+00
-1.441344643869444386e+00
-1.436458640634285633e+00
-1.431572637399126657e+00
-1.426686634163967904e+00
-1.421800630928809150e+00
-1.416914627693650397e+00
-1.412028624458491421e+00
-1.407142621223332668e+00
-1.402256617988173915e+00
-1.397370614753015161e+00
-1.392484611517856186e+00
-1.387598608282697432e+00
-1.382712605047538679e+00
-1.377826601812379925e+00
-1.372940598577220950e+00
-1.368054595342062196e+00
-1.363168592106903443e+00
-1.358282588871744689e+00
-1.353396585636585714e+00
-1.348510582401426960e+00
-1.343624579166268207e+00
-1.338738575931109454e+00
-1.333852572695950478e+00
-1.328966569460791725e+00
-1.324080566225632971e+00
-1.319194562990474218e+00
-1.314308559755315242e+00
-1.309422556520156489e+00
-1.304536553284997735e+00
-1.299650550049838760e+00
-1.294764546814680006e+00
-1.289878543579521253e+00
-1.284992540344362499e+00
-1.280106537109203746e+00
-1.275220533874044770e+00
-1.270334530638886017e+00
-1.265448527403727264e+00
-1.260562524168568288e+00
-1.255676520933409535e+00
-1.250790517698250781e+00
-1.245904514463092028e+00
-1.241018511227933052e+00
-1.236132507992774299e+00
-1.231246504757615545e+00
-1.226360501522456792e+00
-1.221474498287297816e+00
-1.216588495052139063e+00
-1.211702491816980309e+00
-1.206816488581821556e+00
-1.201930485346662580e+00
-1.197044482111503827e+00
-1.192158478876345074e+00
-1.187272475641186098e+00
-1.182386472406027345e+00
-1.177500469170868591e+00
-1.172614465935709838e+00
-1.167728462700551084e+00
-1.162842459465392109e+00
-1.157956456230233355e+00
-1.153070452995074602e+00
-1.148184449759915626e+00
-1.143298446524756873e+00
-1.138412443289598119e+00
-1.133526440054439366e+00
-1.128640436819280612e+00
-1.123754433584121637e+00
-1.118868430348962884e+00
-1.113982427113804130e+00
-1.109096423878645155e+00
-1.104210420643486401e+00
-1.099324417408327648e+00
-1.094438414173168894e+00
-1.089552410938010141e+00
-1.084666407702851165e+00
-1.079780404467692412e+00
-1.074894401232533658e+00
-1.070008397997374683e+00
-1.065122394762215929e+00
-1.060236391527057176e+00
-1.055350388291898422e+00
-1.050464385056739447e+00
-1.045578381821580694e+00
-1.040692378586421940e+00
-1.035806375351262965e+00
-1.030920372116104211e+00
-1.026034368880945458e+00
-1.021148365645786704e+00
-1.016262362410627951e+00
-1.011376359175468975e+00
-1.006490355940310222e+00
-1.001604352705151468e+00
-9.967183494699926039e-01
-9.918323462348337394e-01
-9.869463429996749859e-01
-9.820603397645162325e-01
-9.771743365293573680e-01
-9.722883332941985035e-01
-9.674023300590397501e-01
-9.625163268238809966e-01
-9.576303235887221321e-01
-9.527443203535632676e-01
-9.478583171184045142e-01
-9.429723138832456497e-01
-9.380863106480868963e-01
-9.332003074129280318e-01
-9.283143041777692783e-01
-9.234283009426104138e-01
-9.185422977074516604e-01
-9.136562944722927959e-01
-9.087702912371340425e-01
-9.038842880019751780e-01
-8.989982847668164245e-01
-8.941122815316575601e-01
-8.892262782964988066e-01
-8.843402750613399421e-01
-8.794542718261811887e-01
-8.745682685910223242e-01
-8.696822653558635707e-01
-8.647962621207047063e-01
-8.599102588855459528e-01
-8.550242556503870883e-01
-8.501382524152283349e-01
-8.452522491800694704e-01
-8.403662459449107169e-01
-8.354802427097518525e-01
-8.305942394745929880e-01
-8.257082362394342345e-01
-8.208222330042753700e-01
-8.159362297691166166e-01
-8.110502265339577521e-01
-8.061642232987989987e-01
-8.012782200636401342e-01
-7.963922168284813807e-01
-7.915062135933225163e-01
-7.866202103581637628e-01
-7.817342071230048983e-01
-7.768482038878461449e-01
-7.719622006526872804e-01
-7.670761974175285269e-01
-7.621901941823696625e-01
-7.573041909472109090e-01
-7.524181877120520445e-01
-7.475321844768932911e-01
-7.426461812417344266e-01
-7.377601780065756731e-01
-7.328741747714168087e-01
-7.279881715362580552e-01
-7.231021683010991907e-01
-7.182161650659404373e-01
-7.133301618307815728e-01
-7.084441585956228193e-01
-7.035581553604639549e-01
-6.986721521253052014e-01
-6.937861488901463369e-01
-6.889001456549875835e-01
-6.840141424198287190e-01
-6.791281391846699655e-01
-6.742421359495111011e-01
-6.693561327143522366e-01
-6.644701294791934831e-01
-6.595841262440346187e-01
-6.546981230088758652e-01
-6.498121197737170007e-01
-6.449261165385582473e-01
-6.400401133033993828e-01
-6.351541100682406293e-01
-6.302681068330817649e-01
-6.253821035979230114e-01
-6.204961003627641469e-01
-6.156100971276053935e-01
-6.107240938924465290e-01
-6.058380906572877755e-01
-6.009520874221289111e-01
-5.960660841869701576e-01
-5.911800809518112931e-01
-5.862940777166525397e-01
-5.814080744814936752e-01
-5.765220712463349217e-01
-5.716360680111760573e-01
-5.667500647760173038e-01
-5.618640615408584393e-01
-5.569780583056996859e-01
-5.520920550705408214e-01
-5.472060518353820679e-01
-5.423200486002232035e-01
-5.374340453650644500e-01
-5.325480421299055855e-01
-5.276620388947468321e-01
-5.227760356595879676e-01
-5.178900324244291031e-01
-5.130040291892703497e-01
-5.081180259541114852e-01
-5.032320227189527317e-01
-4.983460194837938673e-01
-4.934600162486351138e-01
-4.885740130134762493e-01
-4.836880097783174959e-01
-4.788020065431586314e-01
-4.739160033079998779e-01
-4.690300000728410135e-01
-4.641439968376822600e-01
-4.592579936025233955e-01
-4.543719903673646421e-01
-4.494859871322058886e-01
-4.445999838970469131e-01
-4.397139806618881597e-01
-4.348279774267294062e-01
-4.299419741915706528e-01
-4.250559709564116773e-01
-4.201699677212529238e-01
-4.152839644860941704e-01
-4.103979612509354169e-01
-4.055119580157764414e-01
-4.006259547806176879e-01
-3.957399515454589345e-01
-3.908539483103001810e-01
-3.859679450751412055e-01
-3.810819418399824521e-01
-3.761959386048236986e-01
-3.713099353696649452e-01
-3.664239321345059697e-01
-3.615379288993472162e-01
-3.566519256641884628e-01
-3.517659224290294873e-01
-3.468799191938707338e-01
-3.419939159587119804e-01
-3.371079127235532269e-01
-3.322219094883942514e-01
-3.273359062532354979e-01
-3.224499030180767445e-01
-3.175638997829179910e-01
-3.126778965477590155e-01
-3.077918933126002621e-01
-3.029058900774415086e-01
-2.980198868422827552e-01
-2.931338836071237797e-01
-2.882478803719650262e-01
-2.833618771368062728e-01
-2.784758739016475193e-01
-2.735898706664885438e-01
-2.687038674313297903e-01
-2.638178641961710369e-01
-2.589318609610122834e-01
-2.540458577258533079e-01
-2.491598544906945545e-01
-2.442738512555358010e-01
-2.393878480203770476e-01
-2.345018447852180721e-01
-2.296158415500593186e-01
-2.247298383149005652e-01
-2.198438350797418117e-01
-2.149578318445828362e-01
-2.100718286094240828e-01
-2.051858253742653293e-01
-2.002998221391063538e-01
-1.954138189039476003e-01
-1.905278156687888469e-01
-1.856418124336300934e-01
-1.807558091984711179e-01
-1.758698059633123645e-01
-1.709838027281536110e-01
-1.660977994929948576e-01
-1.612117962578358821e-01
-1.563257930226771286e-01
-1.514397897875183752e-01
-1.465537865523596217e-01
-1.416677833172006462e-01
-1.367817800820418928e-01
-1.318957768468831393e-01
-1.270097736117243858e-01
-1.221237703765654103e-01
-1.172377671414066569e-01
-1.123517639062479034e-01
-1.074657606710891500e-01
-1.025797574359301745e-01
-9.769375420077142103e-02
-9.280775096561266757e-02
-8.792174773045391412e-02
-8.303574449529493862e-02
-7.814974126013618516e-02
-7.326373802497743171e-02
-6.837773478981867825e-02
-6.349173155465970275e-02
-5.860572831950094930e-02
-5.371972508434219584e-02
-4.883372184918322034e-02
-4.394771861402446689e-02
-3.906171537886571343e-02
-3.417571214370695998e-02
-2.928970890854798448e-02
-2.440370567338923102e-02
-1.951770243823047757e-02
-1.463169920307172411e-02
-9.745695967912748614e-03
-4.859692732753995159e-03
2.631050240475829582e-05
4.912313737563511751e-03
9.798316972722487250e-03
1.468432020788124071e-02
1.957032344303999416e-02
2.445632667819874762e-02
2.934232991335772311e-02
3.422833314851647657e-02
3.911433638367523002e-02
4.400033961883398348e-02
4.888634285399295898e-02
5.377234608915171243e-02
5.865834932431046589e-02
6.354435255946921934e-02
6.843035579462819484e-02
7.331635902978694830e-02
7.820236226494570175e-02
8.308836550010445521e-02
8.797436873526343071e-02
9.286037197042218416e-02
9.774637520558093762e-02
1.026323784407396911e-01
1.075183816758986666e-01
1.124043849110574200e-01
1.172903881462161735e-01
1.221763913813751490e-01
1.270623946165339024e-01
1.319483978516926559e-01
1.368344010868514093e-01
1.417204043220103848e-01
1.466064075571691383e-01
1.514924107923278918e-01
1.563784140274866452e-01
1.612644172626456207e-01
1.661504204978043742e-01
1.710364237329631276e-01
1.759224269681218811e-01
1.808084302032808566e-01
1.856944334384396100e-01
1.905804366735983635e-01
1.954664399087571169e-01
2.003524431439160924e-01
2.052384463790748459e-01
2.101244496142335993e-01
2.150104528493923528e-01
2.198964560845513283e-01
2.247824593197100818e-01
2.296684625548688352e-01
2.345544657900275887e-01
2.394404690251865642e-01
2.443264722603453176e-01
2.492124754955040711e-01
2.540984787306628245e-01
2.589844819658218000e-01
2.638704852009805535e-01
2.687564884361393069e-01
2.736424916712982824e-01
2.785284949064570359e-01
2.834144981416157894e-01
2.883005013767745428e-01
2.931865046119335183e-01
2.980725078470922718e-01
3.029585110822510252e-01
3.078445143174097787e-01
3.127305175525687542e-01
3.176165207877275076e-01
3.225025240228862611e-01
3.273885272580450145e-01
3.322745304932039900e-01
3.371605337283627435e-01
3.420465369635214969e-01
3.469325401986802504e-01
3.518185434338392259e-01
3.567045466689979794e-01
3.615905499041567328e-01
3.664765531393154863e-01
3.713625563744744618e-01
3.762485596096332152e-01
3.811345628447919687e-01
3.860205660799507221e-01
3.909065693151096976e-01
3.957925725502684511e-01
4.006785757854272045e-01
4.055645790205859580e-01
4.104505822557449335e-01
4.153365854909036869e-01
4.202225887260624404e-01
4.251085919612214159e-01
4.299945951963801694e-01
4.348805984315389228e-01
4.397666016666976763e-01
4.446526049018566518e-01
4.495386081370154052e-01
4.544246113721741587e-01
4.593106146073329121e-01
4.641966178424918876e-01
4.690826210776506411e-01
4.739686243128093945e-01
4.788546275479681480e-01
4.837406307831271235e-01
4.886266340182858769e-01
4.935126372534446304e-01
4.983986404886033839e-01
5.032846437237623594e-01
5.081706469589211128e-01
5.130566501940798663e-01
5.179426534292386197e-01
5.228286566643975952e-01
5.277146598995563487e-01
5.326006631347151021e-01
5.374866663698738556e-01
5.423726696050328311e-01
5.472586728401915845e-01
5.521446760753503380e-01
5.570306793105090915e-01
5.619166825456678449e-01
5.668026857808265984e-01
5.716886890159857959e-01
5.765746922511445494e-01
5.814606954863033028e-01
5.863466987214620563e-01
5.912327019566208097e-01
5.961187051917795632e-01
6.010047084269383166e-01
6.058907116620975142e-01
6.107767148972562676e-01
6.156627181324150211e-01
6.205487213675737745e-01
6.254347246027325280e-01
6.303207278378912815e-01
6.352067310730500349e-01
6.400927343082087884e-01
6.449787375433679859e-01
6.498647407785267394e-01
6.547507440136854928e-01
6.596367472488442463e-01
6.645227504840029997e-01
6.694087537191617532e-01
6.742947569543205066e-01
6.791807601894792601e-01
6.840667634246384576e-01
6.889527666597972111e-01
6.938387698949559645e-01
6.987247731301147180e-01
7.036107763652734715e-01
7.084967796004322249e-01
7.133827828355909784e-01
7.182687860707497318e-01
7.231547893059089294e-01
7.280407925410676828e-01
7.329267957762264363e-01
7.378127990113851897e-01
7.426988022465439432e-01
7.475848054817026966e-01
7.524708087168614501e-01
7.573568119520206476e-01
7.622428151871794011e-01
7.671288184223381545e-01
7.720148216574969080e-01
7.769008248926556615e-01
7.817868281278144149e-01
7.866728313629731684e-01
7.915588345981319218e-01
7.964448378332911194e-01
8.013308410684498728e-01
8.062168443036086263e-01
8.111028475387673797e-01
8.159888507739261332e-01
8.208748540090848866e-01
8.257608572442436401e-01
8.306468604794023936e-01
8.355328637145615911e-01
8.404188669497203446e-01
8.453048701848790980e-01
8.501908734200378515e-01
8.550768766551966049e-01
8.599628798903553584e-01
8.648488831255141118e-01
8.697348863606728653e-01
8.746208895958320628e-01
8.795068928309908163e-01
8.843928960661495697e-01
8.892788993013083232e-01
8.941649025364670766e-01
8.990509057716258301e-01
9.039369090067845836e-01
9.088229122419437811e-01
9.137089154771025346e-01
9.185949187122612880e-01
9.234809219474200415e-01
9.283669251825787949e-01
9.332529284177375484e-01
9.381389316528963018e-01
9.430249348880550553e-01
9.479109381232142528e-01
9.527969413583730063e-01
9.576829445935317597e-01
9.625689478286905132e-01
9.674549510638492666e-01
9.723409542990080201e-01
9.772269575341667736e-01
9.821129607693255270e-01
9.869989640044847246e-01
9.918849672396434780e-01
9.967709704748022315e-01
1.001656973709960985e+00
1.006542976945119738e+00
1.011428980180278492e+00
1.016314983415437245e+00
1.021200986650595999e+00
1.026086989885755196e+00
1.030972993120913950e+00
1.035858996356072703e+00
1.040744999591231457e+00
1.045631002826390210e+00
1.050517006061548964e+00
1.055403009296707717e+00
1.060289012531866915e+00
1.065175015767025668e+00
1.070061019002184421e+00
1.074947022237343175e+00
1.079833025472501928e+00
1.084719028707660682e+00
1.089605031942819435e+00
1.094491035177978189e+00
1.099377038413137386e+00
1.104263041648296140e+00
1.109149044883454893e+00
1.114035048118613647e+00
1.118921051353772400e+00
1.123807054588931154e+00
1.128693057824089907e+00
1.133579061059248660e+00
1.138465064294407858e+00
1.143351067529566611e+00
1.148237070764725365e+00
1.153123073999884118e+00
1.158009077235042872e+00
1.162895080470201625e+00
1.167781083705360379e+00
1.172667086940519132e+00
1.177553090175678330e+00
1.182439093410837083e+00
1.187325096645995837e+00
1.192211099881154590e+00
1.197097103116313344e+00
1.201983106351472097e+00
1.206869109586630850e+00
1.211755112821790048e+00
1.216641116056948801e+00
1.221527119292107555e+00
1.226413122527266308e+00
1.231299125762425062e+00
1.236185128997583815e+00
1.241071132232742569e+00
1.245957135467901322e+00
1.250843138703060520e+00
1.255729141938219273e+00
1.260615145173378027e+00
1.265501148408536780e+00
1.270387151643695534e+00
1.275273154878854287e+00
1.280159158114013040e+00
1.285045161349171794e+00
1.289931164584330991e+00
1.294817167819489745e+00
1.299703171054648498e+00
1.304589174289807252e+00
1.309475177524966005e+00
1.314361180760124759e+00
1.319247183995283512e+00
1.324133187230442266e+00
1.329019190465601463e+00
1.333905193700760217e+00
1.338791196935918970e+00
1.343677200171077724e+00
1.348563203406236477e+00
1.353449206641395230e+00
1.358335209876553984e+00
1.363221213111713181e+00
1.368107216346871935e+00
1.372993219582030688e+00
1.377879222817189442e+00
1.382765226052348195e+00
1.387651229287506949e+00
1.392537232522665702e+00
1.397423235757824456e+00
1.402309238992983653e+00
1.407195242228142407e+00
1.412081245463301160e+00
1.416967248698459914e+00
1.421853251933618667e+00
1.426739255168777420e+00
1.431625258403936174e+00
1.436511261639094927e+00
1.441397264874254125e+00
1.446283268109412878e+00
1.451169271344571632e+00
1.456055274579730385e+00
1.460941277814889139e+00
1.465827281050047892e+00
1.470713284285206646e+00
1.475599287520365399e+00
1.480485290755524597e+00
1.485371293990683350e+00
1.490257297225842104e+00
1.495143300461000857e+00
1.500029303696159610e+00
1.504915306931318364e+00
1.509801310166477117e+00
1.514687313401636315e+00
1.519573316636795068e+00
1.524459319871953822e+00
1.529345323107112575e+00
1.534231326342271329e+00
1.539117329577430082e+00
1.544003332812588836e+00
1.548889336047747589e+00
1.553775339282906787e+00
1.558661342518065540e+00
1.563547345753224294e+00
1.568433348988383047e+00
1.573319352223541800e+00
1.578205355458700554e+00
1.583091358693859307e+00
1.587977361929018061e+00
1.592863365164177258e+00
1.597749368399336012e+00
1.602635371634494765e+00
1.607521374869653519e+00
1.612407378104812272e+00
1.617293381339971026e+00
1.622179384575129779e+00
1.627065387810288533e+00
1.631951391045447730e+00
1.636837394280606484e+00
1.641723397515765237e+00
1.646609400750923990e+00
1.651495403986082744e+00
1.656381407221241497e+00
1.661267410456400251e+00
1.666153413691559004e+00
1.671039416926718202e+00
1.675925420161876955e+00
1.680811423397035709e+00
1.685697426632194462e+00
1.690583429867353216e+00
1.695469433102511969e+00
1.700355436337670723e+00
1.705241439572829920e+00
1.710127442807988674e+00
1.715013446043147427e+00
1.719899449278306180e+00
1.724785452513464934e+00
1.729671455748623687e+00
1.734557458983782441e+00
1.739443462218941194e+00
1.744329465454100392e+00
1.749215468689259145e+00
1.754101471924417899e+00
1.758987475159576652e+00
1.763873478394735406e+00
1.768759481629894159e+00
1.773645484865052913e+00
1.778531488100211666e+00
1.783417491335370864e+00
1.788303494570529617e+00
1.793189497805688370e+00
1.798075501040847124e+00
1.802961504276005877e+00
1.807847507511164631e+00
1.812733510746323384e+00
1.817619513981482138e+00
1.822505517216641335e+00
1.827391520451800089e+00
1.832277523686958842e+00
1.837163526922117596e+00
1.842049530157276349e+00
1.846935533392435103e+00
1.851821536627593856e+00
1.856707539862753054e+00
1.861593543097911807e+00
1.866479546333070560e+00
1.871365549568229314e+00
1.876251552803388067e+00
1.881137556038546821e+00
1.886023559273705574e+00
1.890909562508864328e+00
1.895795565744023525e+00
1.900681568979182279e+00
1.905567572214341032e+00
1.910453575449499786e+00
1.915339578684658539e+00
1.920225581919817293e+00
1.925111585154976046e+00
1.929997588390134799e+00
1.934883591625293997e+00
1.939769594860452750e+00
1.944655598095611504e+00
1.949541601330770257e+00
1.954427604565929011e+00
1.959313607801087764e+00
1.964199611036246518e+00
1.969085614271405271e+00
1.973971617506564469e+00
1.978857620741723222e+00
1.983743623976881976e+00
1.988629627212040729e+00
1.993515630447199483e+00
1.998401633682358236e+00
2.003287636917517212e+00
2.008173640152675965e+00
2.013059643387834718e+00
2.017945646622993472e+00
2.022831649858152225e+00
2.027717653093310979e+00
2.032603656328469732e+00
2.037489659563628486e+00
2.042375662798787239e+00
2.047261666033946881e+00
2.052147669269105634e+00
2.057033672504264388e+00
2.061919675739423141e+00
2.066805678974581895e+00
2.071691682209740648e+00
2.076577685444899402e+00
2.081463688680058155e+00
2.086349691915216908e+00
2.091235695150375662e+00
2.096121698385534415e+00
2.101007701620693169e+00
2.105893704855851922e+00
2.110779708091010676e+00
2.115665711326169429e+00
2.120551714561328183e+00
2.125437717796487824e+00
2.130323721031646578e+00
2.135209724266805331e+00
2.140095727501964085e+00
2.144981730737122838e+00
2.149867733972281592e+00
2.154753737207440345e+00
2.159639740442599098e+00
2.164525743677757852e+00
2.169411746912916605e+00
2.174297750148075359e+00
2.179183753383234112e+00
2.184069756618392866e+00
2.188955759853551619e+00
2.193841763088710373e+00
2.198727766323870014e+00
2.203613769559028768e+00
2.208499772794187521e+00
2.213385776029346275e+00
2.218271779264505028e+00
2.223157782499663782e+00
2.228043785734822535e+00
2.232929788969981288e+00
2.237815792205140042e+00
2.242701795440298795e+00
2.247587798675457549e+00
2.252473801910616302e+00
2.257359805145775056e+00
2.262245808380933809e+00
2.267131811616092563e+00
2.272017814851251316e+00
2.276903818086410958e+00
2.281789821321569711e+00
2.286675824556728465e+00
2.291561827791887218e+00
2.296447831027045972e+00
2.301333834262204725e+00
2.306219837497363478e+00
2.311105840732522232e+00
2.315991843967680985e+00
2.320877847202839739e+00
2.325763850437998492e+00
2.330649853673157246e+00
2.335535856908315999e+00
2.340421860143474753e+00
2.345307863378633506e+00
2.350193866613793148e+00
2.355079869848951901e+00
2.359965873084110655e+00
2.364851876319269408e+00
2.369737879554428162e+00
2.374623882789586915e+00
2.379509886024745668e+00
2.384395889259904422e+00
2.389281892495063175e+00
2.394167895730221929e+00
2.399053898965380682e+00
2.403939902200539436e+00
2.408825905435698189e+00
2.413711908670856943e+00
2.418597911906015696e+00
2.423483915141174450e+00
2.428369918376334091e+00
2.433255921611492845e+00
2.438141924846651598e+00
2.443027928081810352e+00
2.447913931316969105e+00
2.452799934552127858e+00
2.457685937787286612e+00
2.462571941022445365e+00
2.467457944257604119e+00
2.472343947492762872e+00
2.477229950727921626e+00
2.482115953963080379e+00
2.487001957198239133e+00
2.491887960433397886e+00
2.496773963668556640e+00
2.501659966903716281e+00
2.506545970138875035e+00
2.511431973374033788e+00
2.516317976609192542e+00
2.521203979844351295e+00
2.526089983079510048e+00
2.530975986314668802e+00
2.535861989549827555e+00
2.540747992784986309e+00
2.545633996020145062e+00
2.550519999255303816e+00
2.555406002490462569e+00
2.560292005725621323e+00
2.565178008960780076e+00
2.570064012195938830e+00
2.574950015431097583e+00
2.579836018666256336e+00
2.584722021901415090e+00
2.589608025136573843e+00
2.594494028371732597e+00
2.599380031606892238e+00
2.604266034842050992e+00
2.609152038077209745e+00
2.614038041312368499e+00
2.618924044547527252e+00
2.623810047782686006e+00
2.628696051017844759e+00
2.633582054253003513e+00
2.638468057488162266e+00
2.643354060723321020e+00
2.648240063958479773e+00
2.653126067193638526e+00
2.658012070428797280e+00
2.662898073663956033e+00
2.667784076899114787e+00
2.672670080134274428e+00
2.677556083369433182e+00
2.682442086604591935e+00
2.687328089839750689e+00
2.692214093074909442e+00
2.697100096310068196e+00
2.701986099545226949e+00
2.706872102780385703e+00
2.711758106015544456e+00
2.716644109250703210e+00
2.721530112485861963e+00
2.726416115721020716e+00
2.731302118956179470e+00
2.736188122191338223e+00
2.741074125426496977e+00
2.745960128661655730e+00
2.750846131896815372e+00
2.755732135131974569e+00
