-9.235997001164166775e-01
-9.187171605179468292e-01
-9.138346209194768699e-01
-9.089520813210070216e-01
-9.040695417225370623e-01
-8.991870021240672139e-01
-8.943044625255972546e-01
-8.894219229271274063e-01
-8.845393833286574470e-01
-8.796568437301875987e-01
-8.747743041317177504e-01
-8.698917645332477910e-01
-8.650092249347779427e-01
-8.601266853363079834e-01
-8.552441457378381351e-01
-8.503616061393681758e-01
-8.454790665408983275e-01
-8.405965269424284791e-01
-8.357139873439585198e-01
-8.308314477454886715e-01
-8.259489081470187122e-01
-8.210663685485488639e-01
-8.161838289500789045e-01
-8.113012893516090562e-01
-8.064187497531392079e-01
-8.015362101546692486e-01
-7.966536705561992893e-01
-7.917711309577294410e-01
-7.868885913592595927e-01
-7.820060517607896333e-01
-7.771235121623197850e-01
-7.722409725638499367e-01
-7.673584329653799774e-01
-7.624758933669100180e-01
-7.575933537684401697e-01
-7.527108141699703214e-01
-7.478282745715003621e-01
-7.429457349730305138e-01
-7.380631953745606655e-01
-7.331806557760907062e-01
-7.282981161776207468e-01
-7.234155765791508985e-01
-7.185330369806810502e-01
-7.136504973822110909e-01
-7.087679577837412426e-01
-7.038854181852712832e-01
-6.990028785868014349e-01
-6.941203389883314756e-01
-6.892377993898616273e-01
-6.843552597913917790e-01
-6.794727201929218197e-01
-6.745901805944519714e-01
-6.697076409959820120e-01
-6.648251013975121637e-01
-6.599425617990422044e-01
-6.550600222005723561e-01
-6.501774826021025078e-01
-6.452949430036325484e-01
-6.404124034051625891e-01
-6.355298638066927408e-01
-6.306473242082228925e-01
-6.257647846097529332e-01
-6.208822450112830849e-01
-6.159997054128132365e-01
-6.111171658143432772e-01
-6.062346262158733179e-01
-6.013520866174034696e-01
-5.964695470189336213e-01
-5.915870074204636619e-01
-5.867044678219938136e-01
-5.818219282235239653e-01
-5.769393886250540060e-01
-5.720568490265840467e-01
-5.671743094281141984e-01
-5.622917698296443501e-01
-5.574092302311743907e-01
-5.525266906327045424e-01
-5.476441510342346941e-01
-5.427616114357647348e-01
-5.378790718372947754e-01
-5.329965322388249271e-01
-5.281139926403550788e-01
-5.232314530418851195e-01
-5.183489134434151602e-01
-5.134663738449453119e-01
-5.085838342464754636e-01
-5.037012946480055042e-01
-4.988187550495356559e-01
-4.939362154510657521e-01
-4.890536758525958483e-01
-4.841711362541259445e-01
-4.792885966556560406e-01
-4.744060570571861923e-01
-4.695235174587162885e-01
-4.646409778602463847e-01
-4.597584382617764809e-01
-4.548758986633065771e-01
-4.499933590648366732e-01
-4.451108194663667694e-01
-4.402282798678968656e-01
-4.353457402694269618e-01
-4.304632006709571135e-01
-4.255806610724872097e-01
-4.206981214740173058e-01
-4.158155818755473465e-01
-4.109330422770774982e-01
-4.060505026786076499e-01
-4.011679630801376906e-01
-3.962854234816678423e-01
-3.914028838831978829e-01
-3.865203442847280346e-01
-3.816378046862580753e-01
-3.767552650877882270e-01
-3.718727254893183787e-01
-3.669901858908484193e-01
-3.621076462923785710e-01
-3.572251066939086117e-01
-3.523425670954387634e-01
-3.474600274969688041e-01
-3.425774878984989558e-01
-3.376949483000291075e-01
-3.328124087015591481e-01
-3.279298691030892998e-01
-3.230473295046193405e-01
-3.181647899061494922e-01
-3.132822503076795329e-01
-3.083997107092096845e-01
-3.035171711107397252e-01
-2.986346315122698769e-01
-2.937520919138000286e-01
-2.888695523153300693e-01
-2.839870127168602210e-01
-2.791044731183902616e-01
-2.742219335199204133e-01
-2.693393939214504540e-01
-2.644568543229806057e-01
-2.595743147245106464e-01
-2.546917751260407980e-01
-2.498092355275709497e-01
-2.449266959291009904e-01
-2.400441563306311421e-01
-2.351616167321611828e-01
-2.302790771336913345e-01
-2.253965375352213751e-01
-2.205139979367515268e-01
-2.156314583382816785e-01
-2.107489187398117192e-01
-2.058663791413418709e-01
-2.009838395428719116e-01
-1.961012999444020632e-01
-1.912187603459321039e-01
-1.863362207474622556e-01
-1.814536811489924073e-01
-1.765711415505224480e-01
-1.716886019520525997e-01
-1.668060623535826403e-01
-1.619235227551127920e-01
-1.570409831566428327e-01
-1.521584435581729844e-01
-1.472759039597030251e-01
-1.423933643612331768e-01
-1.375108247627633284e-01
-1.326282851642933691e-01
-1.277457455658235208e-01
-1.228632059673535615e-01
-1.179806663688837132e-01
-1.130981267704137538e-01
-1.082155871719439055e-01
-1.033330475734739462e-01
-9.845050797500409789e-02
-9.356796837653424959e-02
-8.868542877806429026e-02
-8.380288917959444195e-02
-7.892034958112448262e-02
-7.403780998265463431e-02
-6.915527038418467498e-02
-6.427273078571482667e-02
-5.939019118724497837e-02
-5.450765158877501904e-02
-4.962511199030517073e-02
-4.474257239183521140e-02
-3.986003279336536309e-02
-3.497749319489540376e-02
-3.009495359642555545e-02
-2.521241399795570715e-02
-2.032987439948574782e-02
-1.544733480101589951e-02
-1.056479520254594018e-02
-5.682255604076091871e-03
-7.997160056061325406e-04
4.082823592863715767e-03
8.965363191333675097e-03
1.384790278980352340e-02
1.873044238827337171e-02
2.361298198674333104e-02
2.849552158521317935e-02
3.337806118368313868e-02
3.826060078215298699e-02
4.314314038062294632e-02
4.802567997909279462e-02
5.290821957756275395e-02
5.779075917603260226e-02
6.267329877450245057e-02
6.755583837297240990e-02
7.243837797144225821e-02
7.732091756991210652e-02
8.220345716838206584e-02
8.708599676685202517e-02
9.196853636532198450e-02
9.685107596379172179e-02
1.017336155622616811e-01
1.066161551607316404e-01
1.114986947592013777e-01
1.163812343576713371e-01
1.212637739561412964e-01
1.261463135546112557e-01
1.310288531530809930e-01
1.359113927515509523e-01
1.407939323500209117e-01
1.456764719484906490e-01
1.505590115469606083e-01
1.554415511454305676e-01
1.603240907439005269e-01
1.652066303423702642e-01
1.700891699408402236e-01
1.749717095393101829e-01
1.798542491377799202e-01
1.847367887362498795e-01
1.896193283347198388e-01
1.945018679331897982e-01
1.993844075316595355e-01
2.042669471301294948e-01
2.091494867285994541e-01
2.140320263270691914e-01
2.189145659255391507e-01
2.237971055240091101e-01
2.286796451224790694e-01
2.335621847209488067e-01
2.384447243194187660e-01
2.433272639178887253e-01
2.482098035163584626e-01
2.530923431148284219e-01
2.579748827132983813e-01
2.628574223117683406e-01
2.677399619102380779e-01
2.726225015087080372e-01
2.775050411071779966e-01
2.823875807056479559e-01
2.872701203041176932e-01
2.921526599025876525e-01
2.970351995010576118e-01
3.019177390995273491e-01
3.068002786979973084e-01
3.116828182964672678e-01
3.165653578949372271e-01
3.214478974934069644e-01
3.263304370918769237e-01
3.312129766903468830e-01
3.360955162888166203e-01
3.409780558872865797e-01
3.458605954857565390e-01
3.507431350842264983e-01
3.556256746826962356e-01
3.605082142811661949e-01
3.653907538796361543e-01
3.702732934781058916e-01
3.751558330765758509e-01
3.800383726750458102e-01
3.849209122735157695e-01
3.898034518719855068e-01
3.946859914704554662e-01
3.995685310689254255e-01
4.044510706673953848e-01
4.093336102658651221e-01
4.142161498643350814e-01
4.190986894628050408e-01
4.239812290612747780e-01
4.288637686597447374e-01
4.337463082582146967e-01
4.386288478566846560e-01
4.435113874551543933e-01
4.483939270536243527e-01
4.532764666520943120e-01
4.581590062505640493e-01
4.630415458490340086e-01
4.679240854475039679e-01
4.728066250459739273e-01
4.776891646444436645e-01
4.825717042429136239e-01
4.874542438413835832e-01
4.923367834398533205e-01
4.972193230383232798e-01
5.021018626367932391e-01
5.069844022352631985e-01
5.118669418337329358e-01
5.167494814322028951e-01
5.216320210306728544e-01
5.265145606291425917e-01
5.313971002276125510e-01
5.362796398260825104e-01
5.411621794245524697e-01
5.460447190230222070e-01
5.509272586214921663e-01
5.558097982199621256e-01
5.606923378184318629e-01
5.655748774169018223e-01
5.704574170153717816e-01
5.753399566138417409e-01
5.802224962123114782e-01
5.851050358107814375e-01
5.899875754092513969e-01
5.948701150077213562e-01
5.997526546061910935e-01
6.046351942046610528e-01
6.095177338031310121e-01
6.144002734016007494e-01
6.192828130000707088e-01
6.241653525985406681e-01
6.290478921970106274e-01
6.339304317954803647e-01
6.388129713939503240e-01
6.436955109924202834e-01
6.485780505908900206e-01
6.534605901893599800e-01
6.583431297878299393e-01
6.632256693862998986e-01
6.681082089847696359e-01
6.729907485832395952e-01
6.778732881817095546e-01
6.827558277801792919e-01
6.876383673786492512e-01
6.925209069771192105e-01
6.974034465755891699e-01
7.022859861740589071e-01
7.071685257725288665e-01
7.120510653709988258e-01
7.169336049694687851e-01
7.218161445679385224e-01
7.266986841664084817e-01
7.315812237648784411e-01
7.364637633633481784e-01
7.413463029618181377e-01
7.462288425602880970e-01
7.511113821587580563e-01
7.559939217572277936e-01
7.608764613556977530e-01
7.657590009541677123e-01
7.706415405526374496e-01
7.755240801511074089e-01
7.804066197495773682e-01
7.852891593480473276e-01
7.901716989465170649e-01
7.950542385449870242e-01
7.999367781434569835e-01
8.048193177419267208e-01
8.097018573403966801e-01
8.145843969388666395e-01
8.194669365373365988e-01
8.243494761358063361e-01
8.292320157342762954e-01
8.341145553327462547e-01
8.389970949312159920e-01
8.438796345296859513e-01
8.487621741281559107e-01
8.536447137266258700e-01
8.585272533250956073e-01
8.634097929235655666e-01
8.682923325220355260e-01
8.731748721205052632e-01
8.780574117189752226e-01
8.829399513174451819e-01
8.878224909159151412e-01
8.927050305143848785e-01
8.975875701128548378e-01
9.024701097113247972e-01
9.073526493097947565e-01
9.122351889082644938e-01
9.171177285067344531e-01
9.220002681052044124e-01
9.268828077036741497e-01
9.317653473021441091e-01
9.366478869006140684e-01
9.415304264990840277e-01
9.464129660975537650e-01
9.512955056960237243e-01
9.561780452944936837e-01
9.610605848929634210e-01
9.659431244914333803e-01
9.708256640899033396e-01
9.757082036883732989e-01
9.805907432868430362e-01
9.854732828853129956e-01
9.903558224837829549e-01
9.952383620822526922e-01
1.000120901680722652e+00
1.005003441279192611e+00
1.009885980877662570e+00
1.014768520476132307e+00
1.019651060074602267e+00
1.024533599673072226e+00
1.029416139271542185e+00
1.034298678870011923e+00
1.039181218468481882e+00
1.044063758066951841e+00
1.048946297665421579e+00
1.053828837263891538e+00
1.058711376862361497e+00
1.063593916460831457e+00
1.068476456059301194e+00
1.073358995657771153e+00
1.078241535256240891e+00
1.083124074854711072e+00
1.088006614453180809e+00
1.092889154051650547e+00
1.097771693650120728e+00
1.102654233248590465e+00
1.107536772847060647e+00
1.112419312445530384e+00
1.117301852044000121e+00
1.122184391642470302e+00
1.127066931240940040e+00
1.131949470839409777e+00
1.136832010437879958e+00
1.141714550036349696e+00
1.146597089634819433e+00
1.151479629233289614e+00
1.156362168831759352e+00
1.161244708430229089e+00
1.166127248028699270e+00
1.171009787627169008e+00
1.175892327225639189e+00
1.180774866824108926e+00
1.185657406422578664e+00
1.190539946021048845e+00
1.195422485619518582e+00
1.200305025217988319e+00
1.205187564816458501e+00
1.210070104414928238e+00
1.214952644013397975e+00
1.219835183611868157e+00
1.224717723210337894e+00
1.229600262808807631e+00
1.234482802407277813e+00
1.239365342005747550e+00
1.244247881604217731e+00
1.249130421202687469e+00
1.254012960801157206e+00
1.258895500399627387e+00
1.263778039998097125e+00
1.268660579596566862e+00
1.273543119195037043e+00
1.278425658793506781e+00
1.283308198391976518e+00
1.288190737990446699e+00
1.293073277588916437e+00
1.297955817187386618e+00
1.302838356785856355e+00
1.307720896384326092e+00
1.312603435982796274e+00
1.317485975581266011e+00
1.322368515179735748e+00
1.327251054778205930e+00
1.332133594376675667e+00
1.337016133975145404e+00
1.341898673573615586e+00
1.346781213172085323e+00
1.351663752770555060e+00
1.356546292369025242e+00
1.361428831967494979e+00
1.366311371565965160e+00
1.371193911164434898e+00
1.376076450762904635e+00
1.380958990361374816e+00
1.385841529959844554e+00
1.390724069558314291e+00
1.395606609156784472e+00
1.400489148755254210e+00
1.405371688353723947e+00
1.410254227952194128e+00
1.415136767550663865e+00
1.420019307149133603e+00
1.424901846747603784e+00
1.429784386346073521e+00
1.434666925944543703e+00
1.439549465543013440e+00
1.444432005141483177e+00
1.449314544739953359e+00
1.454197084338423096e+00
1.459079623936892833e+00
1.463962163535363015e+00
1.468844703133832752e+00
1.473727242732302489e+00
1.478609782330772671e+00
1.483492321929242408e+00
1.488374861527712589e+00
1.493257401126182327e+00
1.498139940724652064e+00
1.503022480323122245e+00
1.507905019921591983e+00
1.512787559520061720e+00
1.517670099118531901e+00
1.522552638717001638e+00
1.527435178315471376e+00
1.532317717913941557e+00
1.537200257512411294e+00
1.542082797110881032e+00
1.546965336709351213e+00
1.551847876307820950e+00
1.556730415906291132e+00
1.561612955504760869e+00
1.566495495103230606e+00
1.571378034701700788e+00
1.576260574300170525e+00
1.581143113898640262e+00
1.586025653497110444e+00
1.590908193095580181e+00
1.595790732694049918e+00
1.600673272292520100e+00
1.605555811890989837e+00
1.610438351489460018e+00
1.615320891087929756e+00
1.620203430686399493e+00
1.625085970284869674e+00
1.629968509883339411e+00
1.634851049481809149e+00
1.639733589080279330e+00
1.644616128678749067e+00
1.649498668277218805e+00
1.654381207875688986e+00
1.659263747474158723e+00
1.664146287072628461e+00
1.669028826671098642e+00
1.673911366269568379e+00
1.678793905868038561e+00
1.683676445466508298e+00
1.688558985064978035e+00
1.693441524663448217e+00
1.698324064261917954e+00
1.703206603860387691e+00
1.708089143458857873e+00
1.712971683057327610e+00
1.717854222655797347e+00
1.722736762254267529e+00
1.727619301852737266e+00
1.732501841451207447e+00
1.737384381049677184e+00
1.742266920648146922e+00
1.747149460246617103e+00
1.752031999845086840e+00
1.756914539443556578e+00
1.761797079042026759e+00
1.766679618640496496e+00
1.771562158238966234e+00
1.776444697837436415e+00
1.781327237435906152e+00
1.786209777034375890e+00
1.791092316632846071e+00
1.795974856231315808e+00
1.800857395829785990e+00
1.805739935428255727e+00
1.810622475026725464e+00
1.815505014625195646e+00
1.820387554223665383e+00
1.825270093822135120e+00
1.830152633420605301e+00
1.835035173019075039e+00
1.839917712617544776e+00
1.844800252216014957e+00
1.849682791814484695e+00
1.854565331412954432e+00
1.859447871011424613e+00
1.864330410609894351e+00
1.869212950208364532e+00
1.874095489806834269e+00
1.878978029405304007e+00
1.883860569003774188e+00
1.888743108602243925e+00
1.893625648200713663e+00
1.898508187799183844e+00
1.903390727397653581e+00
1.908273266996123319e+00
1.913155806594593500e+00
1.918038346193063237e+00
1.922920885791533419e+00
1.927803425390003156e+00
1.932685964988472893e+00
1.937568504586943074e+00
1.942451044185412812e+00
1.947333583783882549e+00
1.952216123382352730e+00
1.957098662980822468e+00
1.961981202579292205e+00
1.966863742177762386e+00
1.971746281776232124e+00
1.976628821374701861e+00
1.981511360973172042e+00
1.986393900571641780e+00
1.991276440170111961e+00
1.996158979768581698e+00
2.001041519367051436e+00
2.005924058965521617e+00
2.010806598563991354e+00
2.015689138162461091e+00
2.020571677760931273e+00
2.025454217359401010e+00
2.030336756957870747e+00
2.035219296556340929e+00
2.040101836154810666e+00
2.044984375753280403e+00
2.049866915351750585e+00
2.054749454950220322e+00
2.059631994548690503e+00
2.064514534147160241e+00
2.069397073745629978e+00
2.074279613344100159e+00
2.079162152942569897e+00
2.084044692541039634e+00
2.088927232139509815e+00
2.093809771737979553e+00
2.098692311336449290e+00
2.103574850934919471e+00
2.108457390533389209e+00
2.113339930131859390e+00
2.118222469730329127e+00
2.123105009328798864e+00
2.127987548927269046e+00
2.132870088525738783e+00
2.137752628124208520e+00
2.142635167722678702e+00
2.147517707321148439e+00
2.152400246919618176e+00
2.157282786518088358e+00
2.162165326116558095e+00
2.167047865715027832e+00
2.171930405313498014e+00
2.176812944911967751e+00
2.181695484510437932e+00
2.186578024108907670e+00
2.191460563707377407e+00
2.196343103305847588e+00
2.201225642904317326e+00
2.206108182502787063e+00
2.210990722101257244e+00
2.215873261699726982e+00
2.220755801298196719e+00
2.225638340896666900e+00
2.230520880495136637e+00
2.235403420093606819e+00
2.240285959692076556e+00
2.245168499290546293e+00
2.250051038889016475e+00
2.254933578487486212e+00
2.259816118085955949e+00
2.264698657684426131e+00
2.269581197282895868e+00
2.274463736881365605e+00
2.279346276479835787e+00
2.284228816078305524e+00
2.289111355676775261e+00
2.293993895275245443e+00
2.298876434873715180e+00
2.303758974472185361e+00
2.308641514070655099e+00
2.313524053669124836e+00
2.318406593267595017e+00
2.323289132866064755e+00
2.328171672464534492e+00
2.333054212063004673e+00
2.337936751661474410e+00
2.342819291259944148e+00
2.347701830858414329e+00
2.352584370456884066e+00
2.357466910055354248e+00
2.362349449653823985e+00
2.367231989252293722e+00
2.372114528850763904e+00
2.376997068449233641e+00
2.381879608047703378e+00
2.386762147646173560e+00
2.391644687244643297e+00
2.396527226843113034e+00
2.401409766441583216e+00
2.406292306040052953e+00
2.411174845638522690e+00
2.416057385236992872e+00
2.420939924835462609e+00
2.425822464433932790e+00
2.430705004032402528e+00
2.435587543630872265e+00
2.440470083229342446e+00
2.445352622827812183e+00
2.450235162426281921e+00
2.455117702024752102e+00
2.460000241623221839e+00
2.464882781221691577e+00
2.469765320820161758e+00
2.474647860418631495e+00
2.479530400017101233e+00
2.484412939615571414e+00
2.489295479214041151e+00
2.494178018812511333e+00
2.499060558410981070e+00
2.503943098009450807e+00
2.508825637607920989e+00
2.513708177206390726e+00
2.518590716804860463e+00
2.523473256403330645e+00
2.528355796001800382e+00
2.533238335600270119e+00
2.538120875198740301e+00
2.543003414797210038e+00
2.547885954395680219e+00
2.552768493994149956e+00
2.557651033592619694e+00
2.562533573191089875e+00
2.567416112789559612e+00
2.572298652388029350e+00
2.577181191986499531e+00
2.582063731584969268e+00
2.586946271183439006e+00
2.591828810781909187e+00
2.596711350380378924e+00
2.601593889978848662e+00
2.606476429577318843e+00
2.611358969175788580e+00
2.616241508774258762e+00
2.621124048372728499e+00
2.626006587971198236e+00
2.630889127569668418e+00
2.635771667168138155e+00
2.640654206766607892e+00
2.645536746365078073e+00
2.650419285963547811e+00
2.655301825562017548e+00
2.660184365160487729e+00
2.665066904758957467e+00
2.669949444357427204e+00
2.674831983955897385e+00
2.679714523554367123e+00
2.684597063152837304e+00
2.689479602751307041e+00
2.694362142349776779e+00
2.699244681948246960e+00
2.704127221546716697e+00
2.709009761145186435e+00
2.713892300743656616e+00
2.718774840342126353e+00
2.723657379940596091e+00
2.728539919539066272e+00
2.733422459137536009e+00
2.738304998736006191e+00
2.743187538334475928e+00
2.748070077932945665e+00
2.752952617531415846e+00
2.757835157129885584e+00
2.762717696728355321e+00
2.767600236326825502e+00
2.772482775925295240e+00
2.777365315523764977e+00
2.782247855122235158e+00
2.787130394720704896e+00
2.792012934319174633e+00
2.796895473917644814e+00
2.801778013516114552e+00
2.806660553114584733e+00
2.811543092713054470e+00
2.816425632311524208e+00
2.821308171909994389e+00
2.826190711508464126e+00
2.831073251106933863e+00
2.835955790705404045e+00
2.840838330303873782e+00
2.845720869902343519e+00
2.850603409500813701e+00
2.855485949099283438e+00
2.860368488697753619e+00
2.865251028296223357e+00
2.870133567894693094e+00
2.875016107493163275e+00
2.879898647091633013e+00
2.884781186690102750e+00
2.889663726288572931e+00
2.894546265887042669e+00
2.899428805485512406e+00
2.904311345083982587e+00
2.909193884682452325e+00
2.914076424280922062e+00
2.918958963879392243e+00
2.923841503477861981e+00
2.928724043076332162e+00
2.933606582674801899e+00
2.938489122273271636e+00
2.943371661871741818e+00
2.948254201470211555e+00
2.953136741068681292e+00
2.958019280667151474e+00
2.962901820265621211e+00
2.967784359864090948e+00
2.972666899462561130e+00
2.977549439061030867e+00
2.982431978659501048e+00
2.987314518257970786e+00
2.992197057856440523e+00
2.997079597454910704e+00
3.001962137053380442e+00
3.006844676651850179e+00
3.011727216250320360e+00
3.016609755848790098e+00
3.021492295447259835e+00
3.026374835045730016e+00
3.031257374644199754e+00
3.036139914242669491e+00
3.041022453841139672e+00
3.045904993439609409e+00
3.050787533038079591e+00
3.055670072636549328e+00
3.060552612235019065e+00
3.065435151833489247e+00
3.070317691431958984e+00
3.075200231030428721e+00
3.080082770628898459e+00
3.084965310227368640e+00
3.089847849825838821e+00
3.094730389424308115e+00
3.099612929022778296e+00
3.104495468621248477e+00
3.109378008219717771e+00
3.114260547818187952e+00
3.119143087416658133e+00
3.124025627015127426e+00
3.128908166613597608e+00
3.133790706212067789e+00
3.138673245810537971e+00
3.143555785409007264e+00
3.148438325007477445e+00
3.153320864605947627e+00
3.158203404204416920e+00
3.163085943802887101e+00
3.167968483401357283e+00
3.172851022999826576e+00
3.177733562598296757e+00
3.182616102196766938e+00
3.187498641795236232e+00
3.192381181393706413e+00
3.197263720992176594e+00
3.202146260590645888e+00
3.207028800189116069e+00
3.211911339787586250e+00
3.216793879386055544e+00
3.221676418984525725e+00
3.226558958582995906e+00
3.231441498181465199e+00
3.236324037779935381e+00
3.241206577378405562e+00
3.246089116976874855e+00
3.250971656575345037e+00
3.255854196173815218e+00
3.260736735772284511e+00
3.265619275370754693e+00
3.270501814969224874e+00
3.275384354567695055e+00
3.280266894166164349e+00
3.285149433764634530e+00
3.290031973363104711e+00
3.294914512961574005e+00
3.299797052560044186e+00
3.304679592158514367e+00
3.309562131756983661e+00
3.314444671355453842e+00
3.319327210953924023e+00
3.324209750552393317e+00
3.329092290150863498e+00
3.333974829749333679e+00
3.338857369347802972e+00
3.343739908946273154e+00
3.348622448544743335e+00
3.353504988143212628e+00
3.358387527741682810e+00
3.363270067340152991e+00
3.368152606938622284e+00
3.373035146537092466e+00
3.377917686135562647e+00
3.382800225734031940e+00
3.387682765332502122e+00
3.392565304930972303e+00
3.397447844529442484e+00
3.402330384127911778e+00
3.407212923726381959e+00
3.412095463324852140e+00
3.416978002923321434e+00
3.421860542521791615e+00
3.426743082120261796e+00
3.431625621718731090e+00
3.436508161317201271e+00
3.441390700915671452e+00
3.446273240514140745e+00
3.451155780112610927e+00
3.456038319711081108e+00
3.460920859309550401e+00
3.465803398908020583e+00
3.470685938506490764e+00
3.475568478104960057e+00
3.480451017703430239e+00
3.485333557301900420e+00
3.490216096900369713e+00
3.495098636498839895e+00
3.499981176097310076e+00
3.504863715695779369e+00
3.509746255294249551e+00
3.514628794892719732e+00
3.519511334491189913e+00
3.524393874089659207e+00
3.529276413688129388e+00
3.534158953286599569e+00
3.539041492885068863e+00
3.543924032483539044e+00
3.548806572082009225e+00
3.553689111680478518e+00
3.558571651278948700e+00
3.563454190877418881e+00
3.568336730475888174e+00
3.573219270074358356e+00
3.578101809672828537e+00
3.582984349271297830e+00
3.587866888869768012e+00
3.592749428468238193e+00
3.597631968066707486e+00
3.602514507665177668e+00
3.607397047263647849e+00
3.612279586862117142e+00
3.617162126460587324e+00
3.622044666059057505e+00
3.626927205657526798e+00
3.631809745255996980e+00
3.636692284854467161e+00
3.641574824452937342e+00
3.646457364051406635e+00
3.651339903649876817e+00
3.656222443248346998e+00
3.661104982846816291e+00
3.665987522445286473e+00
3.670870062043756654e+00
3.675752601642225947e+00
3.680635141240696129e+00
3.685517680839166310e+00
3.690400220437635603e+00
3.695282760036105785e+00
3.700165299634575966e+00
3.705047839233045259e+00
3.709930378831515441e+00
3.714812918429985622e+00
3.719695458028454915e+00
3.724577997626925097e+00
3.729460537225395278e+00
3.734343076823864571e+00
3.739225616422334753e+00
3.744108156020804934e+00
3.748990695619274227e+00
3.753873235217744408e+00
3.758755774816214590e+00
3.763638314414683883e+00
3.768520854013154064e+00
3.773403393611624246e+00
3.778285933210094427e+00
3.783168472808563720e+00
3.788051012407033902e+00
3.792933552005504083e+00
3.797816091603973376e+00
3.802698631202443558e+00
3.807581170800913739e+00
3.812463710399383032e+00
3.817346249997853214e+00
3.822228789596323395e+00
3.827111329194792688e+00
3.831993868793262870e+00
3.836876408391733051e+00
3.841758947990202344e+00
3.846641487588672526e+00
3.851524027187142707e+00
3.856406566785612000e+00
3.861289106384082181e+00
3.866171645982552363e+00
3.871054185581021656e+00
3.875936725179491837e+00
3.880819264777962019e+00
3.885701804376431312e+00
3.890584343974901493e+00
3.895466883573371675e+00
3.900349423171841856e+00
3.905231962770311149e+00
3.910114502368781331e+00
3.914997041967251512e+00
3.919879581565720805e+00
3.924762121164190987e+00
3.929644660762661168e+00
3.934527200361130461e+00
3.939409739959600643e+00
3.944292279558070824e+00
3.949174819156540117e+00
3.954057358755010299e+00
3.958939898353480480e+00
3.963822437951949773e+00
3.968704977550419954e+00
3.973587517148890136e+00
3.978470056747359429e+00
3.983352596345829610e+00
3.988235135944299792e+00
3.993117675542769085e+00
3.998000215141239266e+00
4.002882754739709448e+00
4.007765294338178741e+00
4.012647833936648922e+00
4.017530373535119104e+00
4.022412913133589285e+00
4.027295452732058578e+00
4.032177992330528760e+00
4.037060531928998941e+00
4.041943071527468234e+00
4.046825611125938416e+00
4.051708150724408597e+00
4.056590690322877890e+00
4.061473229921348072e+00
4.066355769519818253e+00
4.071238309118287546e+00
4.076120848716757727e+00
4.081003388315227909e+00
4.085885927913697202e+00
4.090768467512167383e+00
4.095651007110637565e+00
4.100533546709106858e+00
4.105416086307577039e+00
4.110298625906047221e+00
4.115181165504516514e+00
4.120063705102986695e+00
4.124946244701456877e+00
4.129828784299926170e+00
4.134711323898396351e+00
4.139593863496866533e+00
4.144476403095336714e+00
4.149358942693806007e+00
4.154241482292276189e+00
4.159124021890746370e+00
4.164006561489215663e+00
4.168889101087685845e+00
4.173771640686156026e+00
4.178654180284625319e+00
4.183536719883095500e+00
4.188419259481565682e+00
4.193301799080034975e+00
4.198184338678505156e+00
4.203066878276975338e+00
4.207949417875444631e+00
4.212831957473914812e+00
4.217714497072384994e+00
4.222597036670854287e+00
4.227479576269324468e+00
4.232362115867794650e+00
4.237244655466263943e+00
4.242127195064734124e+00
4.247009734663204306e+00
4.251892274261673599e+00
4.256774813860143780e+00
4.261657353458613962e+00
4.266539893057084143e+00
4.271422432655553436e+00
4.276304972254023617e+00
4.281187511852493799e+00
4.286070051450963092e+00
4.290952591049433273e+00
4.295835130647903455e+00
4.300717670246372748e+00
4.305600209844842929e+00
4.310482749443313111e+00
4.315365289041782404e+00
4.320247828640252585e+00
4.325130368238722767e+00
4.330012907837192060e+00
4.334895447435662241e+00
