-1.479858945863638642e+00
-1.471202553426178117e+00
-1.462546160988717814e+00
-1.453889768551257289e+00
-1.445233376113796986e+00
-1.436576983676336461e+00
-1.427920591238876158e+00
-1.419264198801415633e+00
-1.410607806363955330e+00
-1.401951413926494805e+00
-1.393295021489034502e+00
-1.384638629051573977e+00
-1.375982236614113674e+00
-1.367325844176653149e+00
-1.358669451739192846e+00
-1.350013059301732321e+00
-1.341356666864272018e+00
-1.332700274426811493e+00
-1.324043881989351190e+00
-1.315387489551890665e+00
-1.306731097114430362e+00
-1.298074704676969837e+00
-1.289418312239509534e+00
-1.280761919802049009e+00
-1.272105527364588706e+00
-1.263449134927128181e+00
-1.254792742489667878e+00
-1.246136350052207353e+00
-1.237479957614747050e+00
-1.228823565177286525e+00
-1.220167172739826000e+00
-1.211510780302365697e+00
-1.202854387864905394e+00
-1.194197995427444869e+00
-1.185541602989984344e+00
-1.176885210552524041e+00
-1.168228818115063739e+00
-1.159572425677603214e+00
-1.150916033240142688e+00
-1.142259640802682386e+00
-1.133603248365222083e+00
-1.124946855927761558e+00
-1.116290463490301033e+00
-1.107634071052840730e+00
-1.098977678615380205e+00
-1.090321286177919902e+00
-1.081664893740459377e+00
-1.073008501302999074e+00
-1.064352108865538549e+00
-1.055695716428078246e+00
-1.047039323990617721e+00
-1.038382931553157418e+00
-1.029726539115696893e+00
-1.021070146678236590e+00
-1.012413754240776065e+00
-1.003757361803315762e+00
-9.951009693658552369e-01
-9.864445769283948229e-01
-9.777881844909344089e-01
-9.691317920534739949e-01
-9.604753996160135809e-01
-9.518190071785531670e-01
-9.431626147410927530e-01
-9.345062223036323390e-01
-9.258498298661719250e-01
-9.171934374287115110e-01
-9.085370449912510971e-01
-8.998806525537906831e-01
-8.912242601163302691e-01
-8.825678676788698551e-01
-8.739114752414094411e-01
-8.652550828039490272e-01
-8.565986903664886132e-01
-8.479422979290281992e-01
-8.392859054915677852e-01
-8.306295130541073712e-01
-8.219731206166469573e-01
-8.133167281791865433e-01
-8.046603357417261293e-01
-7.960039433042657153e-01
-7.873475508668053013e-01
-7.786911584293447763e-01
-7.700347659918843624e-01
-7.613783735544239484e-01
-7.527219811169635344e-01
-7.440655886795031204e-01
-7.354091962420427064e-01
-7.267528038045822925e-01
-7.180964113671218785e-01
-7.094400189296614645e-01
-7.007836264922010505e-01
-6.921272340547406365e-01
-6.834708416172802226e-01
-6.748144491798198086e-01
-6.661580567423593946e-01
-6.575016643048989806e-01
-6.488452718674385666e-01
-6.401888794299781527e-01
-6.315324869925177387e-01
-6.228760945550573247e-01
-6.142197021175969107e-01
-6.055633096801364967e-01
-5.969069172426760828e-01
-5.882505248052156688e-01
-5.795941323677552548e-01
-5.709377399302948408e-01
-5.622813474928344268e-01
-5.536249550553740129e-01
-5.449685626179135989e-01
-5.363121701804531849e-01
-5.276557777429927709e-01
-5.189993853055323569e-01
-5.103429928680718319e-01
-5.016866004306114180e-01
-4.930302079931510040e-01
-4.843738155556905900e-01
-4.757174231182301760e-01
-4.670610306807698731e-01
-4.584046382433093481e-01
-4.497482458058490451e-01
-4.410918533683885201e-01
-4.324354609309282171e-01
-4.237790684934676921e-01
-4.151226760560073892e-01
-4.064662836185468642e-01
-3.978098911810865612e-01
-3.891534987436260362e-01
-3.804971063061657333e-01
-3.718407138687052083e-01
-3.631843214312446833e-01
-3.545279289937843803e-01
-3.458715365563238553e-01
-3.372151441188635523e-01
-3.285587516814030273e-01
-3.199023592439427244e-01
-3.112459668064821994e-01
-3.025895743690218964e-01
-2.939331819315613714e-01
-2.852767894941010685e-01
-2.766203970566405435e-01
-2.679640046191802405e-01
-2.593076121817197155e-01
-2.506512197442594125e-01
-2.419948273067988875e-01
-2.333384348693385846e-01
-2.246820424318780596e-01
-2.160256499944177566e-01
-2.073692575569572316e-01
-1.987128651194969287e-01
-1.900564726820364037e-01
-1.814000802445761007e-01
-1.727436878071155757e-01
-1.640872953696552727e-01
-1.554309029321947477e-01
-1.467745104947344448e-01
-1.381181180572739198e-01
-1.294617256198136168e-01
-1.208053331823530918e-01
-1.121489407448927889e-01
-1.034925483074322639e-01
-9.483615586997196090e-02
-8.617976343251143589e-02
-7.752337099505091089e-02
-6.886697855759060793e-02
-6.021058612013008293e-02
-5.155419368266977997e-02
-4.289780124520925497e-02
-3.424140880774895201e-02
-2.558501637028842701e-02
-1.692862393282812405e-02
-8.272231495367599052e-03
3.841609420927039054e-04
9.040553379553228908e-03
1.769694581701353187e-02
2.635333825447405687e-02
3.500973069193435983e-02
4.366612312939488483e-02
5.232251556685518779e-02
6.097890800431571279e-02
6.963530044177601575e-02
7.829169287923654075e-02
8.694808531669684371e-02
9.560447775415736871e-02
1.042608701916176717e-01
1.129172626290781967e-01
1.215736550665384996e-01
1.302300475039990246e-01
1.388864399414593276e-01
1.475428323789198526e-01
1.561992248163801555e-01
1.648556172538406805e-01
1.735120096913009835e-01
1.821684021287615085e-01
1.908247945662220335e-01
1.994811870036823365e-01
2.081375794411428615e-01
2.167939718786031644e-01
2.254503643160636894e-01
2.341067567535239924e-01
2.427631491909845174e-01
2.514195416284448203e-01
2.600759340659053453e-01
2.687323265033656483e-01
2.773887189408261733e-01
2.860451113782864763e-01
2.947015038157470013e-01
3.033578962532073042e-01
3.120142886906678292e-01
3.206706811281281322e-01
3.293270735655886572e-01
3.379834660030489601e-01
3.466398584405094851e-01
3.552962508779697881e-01
3.639526433154303131e-01
3.726090357528906161e-01
3.812654281903511411e-01
3.899218206278114440e-01
3.985782130652719690e-01
4.072346055027322720e-01
4.158909979401927970e-01
4.245473903776530999e-01
4.332037828151136249e-01
4.418601752525739279e-01
4.505165676900344529e-01
4.591729601274949779e-01
4.678293525649552809e-01
4.764857450024158059e-01
4.851421374398761088e-01
4.937985298773366338e-01
5.024549223147969368e-01
5.111113147522574618e-01
5.197677071897177647e-01
5.284240996271782898e-01
5.370804920646388148e-01
5.457368845020988957e-01
5.543932769395594207e-01
5.630496693770199457e-01
5.717060618144804707e-01
5.803624542519405516e-01
5.890188466894010766e-01
5.976752391268616016e-01
6.063316315643221266e-01
6.149880240017822075e-01
6.236444164392427325e-01
6.323008088767032575e-01
6.409572013141637825e-01
6.496135937516238634e-01
6.582699861890843884e-01
6.669263786265449134e-01
6.755827710640054384e-01
6.842391635014655193e-01
6.928955559389260443e-01
7.015519483763865694e-01
7.102083408138470944e-01
7.188647332513071753e-01
7.275211256887677003e-01
7.361775181262282253e-01
7.448339105636887503e-01
7.534903030011492753e-01
7.621466954386093562e-01
7.708030878760698812e-01
7.794594803135304062e-01
7.881158727509909312e-01
7.967722651884510121e-01
8.054286576259115371e-01
8.140850500633720621e-01
8.227414425008325871e-01
8.313978349382926680e-01
8.400542273757531930e-01
8.487106198132137180e-01
8.573670122506742430e-01
8.660234046881343239e-01
8.746797971255948489e-01
8.833361895630553740e-01
8.919925820005158990e-01
9.006489744379759799e-01
9.093053668754365049e-01
9.179617593128970299e-01
9.266181517503575549e-01
9.352745441878176358e-01
9.439309366252781608e-01
9.525873290627386858e-01
9.612437215001992108e-01
9.699001139376592917e-01
9.785565063751198167e-01
9.872128988125803417e-01
9.958692912500408667e-01
1.004525683687500948e+00
1.013182076124961473e+00
1.021838468562421998e+00
1.030494860999882523e+00
1.039151253437343048e+00
1.047807645874803129e+00
1.056464038312263654e+00
1.065120430749724179e+00
1.073776823187184704e+00
1.082433215624644784e+00
1.091089608062105309e+00
1.099746000499565834e+00
1.108402392937026359e+00
1.117058785374486440e+00
1.125715177811946965e+00
1.134371570249407490e+00
1.143027962686868015e+00
1.151684355124328096e+00
1.160340747561788621e+00
1.168997139999249146e+00
1.177653532436709671e+00
1.186309924874169752e+00
1.194966317311630277e+00
1.203622709749090802e+00
1.212279102186551327e+00
1.220935494624011408e+00
1.229591887061471933e+00
1.238248279498932458e+00
1.246904671936392983e+00
1.255561064373853064e+00
1.264217456811313589e+00
1.272873849248774114e+00
1.281530241686234639e+00
1.290186634123694720e+00
1.298843026561155245e+00
1.307499418998615770e+00
1.316155811436076295e+00
1.324812203873536820e+00
1.333468596310996901e+00
1.342124988748457426e+00
1.350781381185917951e+00
1.359437773623378476e+00
1.368094166060838557e+00
1.376750558498299082e+00
1.385406950935759607e+00
1.394063343373220132e+00
1.402719735810680213e+00
1.411376128248140738e+00
1.420032520685601263e+00
1.428688913123061788e+00
1.437345305560521869e+00
1.446001697997982394e+00
1.454658090435442919e+00
1.463314482872903444e+00
1.471970875310363525e+00
1.480627267747824050e+00
1.489283660185284575e+00
1.497940052622745100e+00
1.506596445060205181e+00
1.515252837497665706e+00
1.523909229935126231e+00
1.532565622372586756e+00
1.541222014810046836e+00
1.549878407247507361e+00
1.558534799684967886e+00
1.567191192122428411e+00
1.575847584559888936e+00
1.584503976997349017e+00
1.593160369434809542e+00
1.601816761872270067e+00
1.610473154309730592e+00
1.619129546747190673e+00
1.627785939184651198e+00
1.636442331622111723e+00
1.645098724059572248e+00
1.653755116497032329e+00
1.662411508934492854e+00
1.671067901371953379e+00
1.679724293809413904e+00
1.688380686246873985e+00
1.697037078684334510e+00
1.705693471121795035e+00
1.714349863559255560e+00
1.723006255996715641e+00
1.731662648434176166e+00
1.740319040871636691e+00
1.748975433309097216e+00
1.757631825746557297e+00
1.766288218184017822e+00
1.774944610621478347e+00
1.783601003058938872e+00
1.792257395496398953e+00
1.800913787933859478e+00
1.809570180371320003e+00
1.818226572808780528e+00
1.826882965246240609e+00
1.835539357683701134e+00
1.844195750121161659e+00
1.852852142558622184e+00
1.861508534996082709e+00
1.870164927433542790e+00
1.878821319871003315e+00
1.887477712308463840e+00
1.896134104745924365e+00
1.904790497183384446e+00
1.913446889620844971e+00
1.922103282058305496e+00
1.930759674495766021e+00
1.939416066933226102e+00
1.948072459370686627e+00
1.956728851808147152e+00
1.965385244245607677e+00
1.974041636683067757e+00
1.982698029120528282e+00
1.991354421557988807e+00
2.000010813995449332e+00
2.008667206432909413e+00
2.017323598870369938e+00
2.025979991307830463e+00
2.034636383745290988e+00
2.043292776182751069e+00
2.051949168620211594e+00
2.060605561057672119e+00
2.069261953495132644e+00
2.077918345932592725e+00
2.086574738370053250e+00
2.095231130807513775e+00
2.103887523244974300e+00
2.112543915682434381e+00
2.121200308119894906e+00
2.129856700557355431e+00
2.138513092994815956e+00
2.147169485432276481e+00
2.155825877869736562e+00
2.164482270307197087e+00
2.173138662744657612e+00
2.181795055182118137e+00
2.190451447619578218e+00
2.199107840057038743e+00
2.207764232494499268e+00
2.216420624931959793e+00
2.225077017369419874e+00
2.233733409806880399e+00
2.242389802244340924e+00
2.251046194681801449e+00
2.259702587119261530e+00
2.268358979556722055e+00
2.277015371994182580e+00
2.285671764431643105e+00
2.294328156869103186e+00
2.302984549306563711e+00
2.311640941744024236e+00
2.320297334181484761e+00
2.328953726618944842e+00
2.337610119056405367e+00
2.346266511493865892e+00
2.354922903931326417e+00
2.363579296368786498e+00
2.372235688806247023e+00
2.380892081243707548e+00
2.389548473681168073e+00
2.398204866118628598e+00
2.406861258556088679e+00
2.415517650993549204e+00
2.424174043431009729e+00
2.432830435868470254e+00
2.441486828305930334e+00
2.450143220743390859e+00
2.458799613180851384e+00
2.467456005618311909e+00
2.476112398055771990e+00
2.484768790493232515e+00
2.493425182930693040e+00
2.502081575368153565e+00
2.510737967805613646e+00
2.519394360243074171e+00
2.528050752680534696e+00
2.536707145117995221e+00
2.545363537555455746e+00
2.554019929992916271e+00
2.562676322430375908e+00
2.571332714867836433e+00
2.579989107305296958e+00
2.588645499742757483e+00
2.597301892180218008e+00
2.605958284617678533e+00
2.614614677055139058e+00
2.623271069492599583e+00
2.631927461930059220e+00
2.640583854367519745e+00
2.649240246804980270e+00
2.657896639242440795e+00
2.666553031679901320e+00
2.675209424117361845e+00
2.683865816554822370e+00
2.692522208992282895e+00
2.701178601429743420e+00
2.709834993867203057e+00
2.718491386304663582e+00
2.727147778742124107e+00
2.735804171179584632e+00
2.744460563617045157e+00
2.753116956054505682e+00
2.761773348491966207e+00
2.770429740929426732e+00
2.779086133366886813e+00
