-1.477587355375620026e+00
-1.468938687994310488e+00
-1.460290020613001172e+00
-1.451641353231691633e+00
-1.442992685850382317e+00
-1.434344018469072779e+00
-1.425695351087763241e+00
-1.417046683706453925e+00
-1.408398016325144386e+00
-1.399749348943835070e+00
-1.391100681562525532e+00
-1.382452014181215993e+00
-1.373803346799906677e+00
-1.365154679418597139e+00
-1.356506012037287823e+00
-1.347857344655978284e+00
-1.339208677274668746e+00
-1.330560009893359430e+00
-1.321911342512049892e+00
-1.313262675130740575e+00
-1.304614007749431037e+00
-1.295965340368121499e+00
-1.287316672986812183e+00
-1.278668005605502644e+00
-1.270019338224193106e+00
-1.261370670842883790e+00
-1.252722003461574252e+00
-1.244073336080264935e+00
-1.235424668698955397e+00
-1.226776001317646081e+00
-1.218127333936336543e+00
-1.209478666555027004e+00
-1.200829999173717688e+00
-1.192181331792408150e+00
-1.183532664411098612e+00
-1.174883997029789295e+00
-1.166235329648479757e+00
-1.157586662267170441e+00
-1.148937994885860903e+00
-1.140289327504551586e+00
-1.131640660123242048e+00
-1.122991992741932510e+00
-1.114343325360623194e+00
-1.105694657979313655e+00
-1.097045990598004117e+00
-1.088397323216694801e+00
-1.079748655835385263e+00
-1.071099988454075946e+00
-1.062451321072766408e+00
-1.053802653691457092e+00
-1.045153986310147554e+00
-1.036505318928838015e+00
-1.027856651547528699e+00
-1.019207984166219161e+00
-1.010559316784909623e+00
-1.001910649403600306e+00
-9.932619820222907681e-01
-9.846133146409814518e-01
-9.759646472596719136e-01
-9.673159798783624863e-01
-9.586673124970530591e-01
-9.500186451157436318e-01
-9.413699777344340935e-01
-9.327213103531246663e-01
-9.240726429718152390e-01
-9.154239755905058118e-01
-9.067753082091963845e-01
-8.981266408278868463e-01
-8.894779734465774190e-01
-8.808293060652679918e-01
-8.721806386839585645e-01
-8.635319713026491373e-01
-8.548833039213395990e-01
-8.462346365400301718e-01
-8.375859691587207445e-01
-8.289373017774113173e-01
-8.202886343961018900e-01
-8.116399670147923517e-01
-8.029912996334829245e-01
-7.943426322521734972e-01
-7.856939648708640700e-01
-7.770452974895546427e-01
-7.683966301082451045e-01
-7.597479627269356772e-01
-7.510992953456262500e-01
-7.424506279643168227e-01
-7.338019605830073955e-01
-7.251532932016978572e-01
-7.165046258203884300e-01
-7.078559584390790027e-01
-6.992072910577695755e-01
-6.905586236764601482e-01
-6.819099562951506099e-01
-6.732612889138411827e-01
-6.646126215325317554e-01
-6.559639541512223282e-01
-6.473152867699127899e-01
-6.386666193886033627e-01
-6.300179520072939354e-01
-6.213692846259845082e-01
-6.127206172446750809e-01
-6.040719498633655427e-01
-5.954232824820561154e-01
-5.867746151007466882e-01
-5.781259477194372609e-01
-5.694772803381278337e-01
-5.608286129568182954e-01
-5.521799455755088681e-01
-5.435312781941994409e-01
-5.348826108128900136e-01
-5.262339434315805864e-01
-5.175852760502710481e-01
-5.089366086689616209e-01
-5.002879412876521936e-01
-4.916392739063427664e-01
-4.829906065250333391e-01
-4.743419391437238009e-01
-4.656932717624144846e-01
-4.570446043811049464e-01
-4.483959369997954081e-01
-4.397472696184860919e-01
-4.310986022371765536e-01
-4.224499348558672374e-01
-4.138012674745576991e-01
-4.051526000932481608e-01
-3.965039327119388446e-01
-3.878552653306293063e-01
-3.792065979493199901e-01
-3.705579305680104518e-01
-3.619092631867009136e-01
-3.532605958053915973e-01
-3.446119284240820591e-01
-3.359632610427727428e-01
-3.273145936614632046e-01
-3.186659262801536663e-01
-3.100172588988443501e-01
-3.013685915175348118e-01
-2.927199241362254956e-01
-2.840712567549159573e-01
-2.754225893736064190e-01
-2.667739219922971028e-01
-2.581252546109875645e-01
-2.494765872296782483e-01
-2.408279198483687100e-01
-2.321792524670591717e-01
-2.235305850857498555e-01
-2.148819177044403173e-01
-2.062332503231310010e-01
-1.975845829418214628e-01
-1.889359155605119245e-01
-1.802872481792026083e-01
-1.716385807978930700e-01
-1.629899134165837538e-01
-1.543412460352742155e-01
-1.456925786539646772e-01
-1.370439112726553610e-01
-1.283952438913458227e-01
-1.197465765100365065e-01
-1.110979091287269682e-01
-1.024492417474174299e-01
-9.380057436610811372e-02
-8.515190698479857545e-02
-7.650323960348925922e-02
-6.785457222217972095e-02
-5.920590484087018268e-02
-5.055723745956086645e-02
-4.190857007825132818e-02
-3.325990269694201196e-02
-2.461123531563247369e-02
-1.596256793432293541e-02
-7.313900553013619188e-03
1.334766828295919083e-03
9.983434209605235310e-03
1.863210159091477358e-02
2.728076897222431185e-02
3.592943635353362808e-02
4.457810373484316635e-02
5.322677111615248258e-02
6.187543849746202085e-02
7.052410587877155912e-02
7.917277326008087535e-02
8.782144064139041362e-02
9.647010802269972984e-02
1.051187754040092681e-01
1.137674427853188064e-01
1.224161101666281226e-01
1.310647775479376609e-01
1.397134449292469771e-01
1.483621123105565154e-01
1.570107796918660537e-01
1.656594470731753699e-01
1.743081144544849082e-01
1.829567818357944464e-01
1.916054492171037626e-01
2.002541165984133009e-01
2.089027839797226171e-01
2.175514513610321554e-01
2.262001187423416937e-01
2.348487861236510099e-01
2.434974535049605482e-01
2.521461208862698644e-01
2.607947882675794027e-01
2.694434556488889410e-01
2.780921230301982572e-01
2.867407904115077955e-01
2.953894577928171117e-01
3.040381251741266500e-01
3.126867925554361882e-01
3.213354599367455045e-01
3.299841273180550427e-01
3.386327946993643589e-01
3.472814620806738972e-01
3.559301294619834355e-01
3.645787968432927517e-01
3.732274642246022900e-01
3.818761316059116062e-01
3.905247989872211445e-01
3.991734663685306828e-01
4.078221337498399990e-01
4.164708011311495373e-01
4.251194685124588535e-01
4.337681358937683918e-01
4.424168032750779300e-01
4.510654706563872463e-01
4.597141380376967845e-01
4.683628054190061007e-01
4.770114728003156390e-01
4.856601401816251773e-01
4.943088075629344935e-01
5.029574749442440318e-01
5.116061423255533480e-01
5.202548097068628863e-01
5.289034770881724246e-01
5.375521444694817408e-01
5.462008118507910570e-01
5.548494792321008173e-01
5.634981466134101336e-01
5.721468139947194498e-01
5.807954813760292101e-01
5.894441487573385263e-01
5.980928161386478425e-01
6.067414835199571588e-01
6.153901509012669191e-01
6.240388182825762353e-01
6.326874856638855515e-01
6.413361530451953119e-01
6.499848204265046281e-01
6.586334878078139443e-01
6.672821551891237046e-01
6.759308225704330209e-01
6.845794899517423371e-01
6.932281573330516533e-01
7.018768247143614136e-01
7.105254920956707299e-01
7.191741594769800461e-01
7.278228268582898064e-01
7.364714942395991226e-01
7.451201616209084388e-01
7.537688290022181992e-01
7.624174963835275154e-01
7.710661637648368316e-01
7.797148311461465919e-01
7.883634985274559082e-01
7.970121659087652244e-01
8.056608332900745406e-01
8.143095006713843009e-01
8.229581680526936172e-01
8.316068354340029334e-01
8.402555028153126937e-01
8.489041701966220099e-01
8.575528375779313262e-01
8.662015049592410865e-01
8.748501723405504027e-01
8.834988397218597189e-01
8.921475071031690351e-01
9.007961744844787955e-01
9.094448418657881117e-01
9.180935092470974279e-01
9.267421766284071882e-01
9.353908440097165045e-01
9.440395113910258207e-01
9.526881787723355810e-01
9.613368461536448972e-01
9.699855135349542135e-01
9.786341809162635297e-01
9.872828482975732900e-01
9.959315156788826062e-01
1.004580183060191922e+00
1.013228850441501683e+00
1.021877517822810999e+00
1.030526185204120315e+00
1.039174852585430076e+00
1.047823519966739392e+00
1.056472187348048708e+00
1.065120854729358024e+00
1.073769522110667785e+00
1.082418189491977101e+00
1.091066856873286417e+00
1.099715524254596177e+00
1.108364191635905494e+00
1.117012859017214810e+00
1.125661526398524570e+00
1.134310193779833886e+00
1.142958861161143203e+00
1.151607528542452519e+00
1.160256195923762279e+00
1.168904863305071595e+00
1.177553530686380912e+00
1.186202198067690672e+00
1.194850865448999988e+00
1.203499532830309304e+00
1.212148200211619065e+00
1.220796867592928381e+00
1.229445534974237697e+00
1.238094202355547013e+00
1.246742869736856774e+00
1.255391537118166090e+00
1.264040204499475406e+00
1.272688871880785166e+00
1.281337539262094483e+00
1.289986206643403799e+00
1.298634874024713559e+00
1.307283541406022875e+00
1.315932208787332192e+00
1.324580876168641508e+00
1.333229543549951268e+00
1.341878210931260584e+00
1.350526878312569901e+00
1.359175545693879661e+00
1.367824213075188977e+00
1.376472880456498293e+00
1.385121547837808054e+00
1.393770215219117370e+00
1.402418882600426686e+00
1.411067549981736002e+00
1.419716217363045763e+00
1.428364884744355079e+00
1.437013552125664395e+00
1.445662219506974155e+00
1.454310886888283472e+00
1.462959554269592788e+00
1.471608221650902548e+00
1.480256889032211864e+00
1.488905556413521181e+00
1.497554223794830497e+00
1.506202891176140257e+00
1.514851558557449573e+00
1.523500225938758890e+00
1.532148893320068650e+00
1.540797560701377966e+00
1.549446228082687282e+00
1.558094895463997043e+00
1.566743562845306359e+00
1.575392230226615675e+00
1.584040897607924991e+00
1.592689564989234752e+00
1.601338232370544068e+00
1.609986899751853384e+00
1.618635567133163145e+00
1.627284234514472461e+00
1.635932901895781777e+00
1.644581569277091537e+00
1.653230236658400853e+00
1.661878904039710170e+00
1.670527571421019486e+00
1.679176238802329246e+00
1.687824906183638562e+00
1.696473573564947879e+00
1.705122240946257639e+00
1.713770908327566955e+00
1.722419575708876271e+00
1.731068243090186032e+00
1.739716910471495348e+00
1.748365577852804664e+00
1.757014245234113980e+00
1.765662912615423741e+00
1.774311579996733057e+00
1.782960247378042373e+00
1.791608914759352134e+00
1.800257582140661450e+00
1.808906249521970766e+00
1.817554916903280526e+00
1.826203584284589843e+00
1.834852251665899159e+00
1.843500919047208919e+00
1.852149586428518235e+00
1.860798253809827552e+00
1.869446921191136868e+00
1.878095588572446628e+00
1.886744255953755944e+00
1.895392923335065261e+00
1.904041590716375021e+00
1.912690258097684337e+00
1.921338925478993653e+00
1.929987592860303414e+00
1.938636260241612730e+00
1.947284927622922046e+00
1.955933595004231362e+00
1.964582262385541123e+00
1.973230929766850439e+00
1.981879597148159755e+00
1.990528264529469515e+00
1.999176931910778832e+00
2.007825599292088370e+00
2.016474266673397686e+00
2.025122934054707002e+00
2.033771601436016319e+00
2.042420268817325635e+00
2.051068936198635839e+00
2.059717603579945155e+00
2.068366270961254472e+00
2.077014938342563788e+00
2.085663605723873104e+00
2.094312273105182420e+00
2.102960940486492625e+00
2.111609607867801941e+00
2.120258275249111257e+00
2.128906942630420573e+00
2.137555610011729890e+00
2.146204277393039206e+00
2.154852944774348522e+00
2.163501612155658727e+00
2.172150279536968043e+00
2.180798946918277359e+00
2.189447614299586675e+00
2.198096281680895991e+00
2.206744949062205308e+00
2.215393616443514624e+00
2.224042283824824828e+00
2.232690951206134145e+00
2.241339618587443461e+00
2.249988285968752777e+00
2.258636953350062093e+00
2.267285620731371409e+00
2.275934288112681614e+00
2.284582955493990930e+00
2.293231622875300246e+00
2.301880290256609563e+00
2.310528957637918879e+00
2.319177625019228195e+00
2.327826292400537511e+00
2.336474959781847716e+00
2.345123627163157032e+00
2.353772294544466348e+00
2.362420961925775664e+00
2.371069629307084980e+00
2.379718296688394297e+00
2.388366964069703613e+00
2.397015631451013817e+00
2.405664298832323134e+00
2.414312966213632450e+00
2.422961633594941766e+00
2.431610300976251082e+00
2.440258968357560398e+00
2.448907635738870603e+00
2.457556303120179919e+00
2.466204970501489235e+00
2.474853637882798552e+00
2.483502305264107868e+00
2.492150972645417184e+00
2.500799640026726500e+00
2.509448307408036705e+00
2.518096974789346021e+00
2.526745642170655337e+00
2.535394309551964653e+00
2.544042976933273970e+00
2.552691644314583286e+00
2.561340311695892602e+00
2.569988979077201918e+00
2.578637646458512123e+00
2.587286313839821439e+00
2.595934981221130755e+00
2.604583648602440071e+00
2.613232315983749388e+00
2.621880983365058704e+00
2.630529650746368020e+00
2.639178318127678224e+00
2.647826985508987541e+00
2.656475652890296857e+00
2.665124320271606173e+00
2.673772987652915489e+00
2.682421655034224806e+00
2.691070322415534122e+00
2.699718989796844326e+00
2.708367657178153642e+00
2.717016324559462959e+00
2.725664991940772275e+00
2.734313659322081591e+00
2.742962326703390907e+00
2.751610994084701112e+00
2.760259661466010428e+00
2.768908328847319744e+00
2.777556996228629060e+00
