-9.317946128811994688e-01
-9.231488029001833073e-01
-9.145029929191671458e-01
-9.058571829381509843e-01
-8.972113729571348228e-01
-8.885655629761186614e-01
-8.799197529951026109e-01
-8.712739430140864494e-01
-8.626281330330702879e-01
-8.539823230520541264e-01
-8.453365130710379649e-01
-8.366907030900218034e-01
-8.280448931090056419e-01
-8.193990831279894804e-01
-8.107532731469733189e-01
-8.021074631659571574e-01
-7.934616531849409959e-01
-7.848158432039248344e-01
-7.761700332229086730e-01
-7.675242232418926225e-01
-7.588784132608763500e-01
-7.502326032798602995e-01
-7.415867932988441380e-01
-7.329409833178279765e-01
-7.242951733368118150e-01
-7.156493633557956535e-01
-7.070035533747794920e-01
-6.983577433937633305e-01
-6.897119334127471690e-01
-6.810661234317310075e-01
-6.724203134507149571e-01
-6.637745034696986846e-01
-6.551286934886826341e-01
-6.464828835076663616e-01
-6.378370735266503111e-01
-6.291912635456340386e-01
-6.205454535646179881e-01
-6.118996435836018266e-01
-6.032538336025856651e-01
-5.946080236215695036e-01
-5.859622136405533421e-01
-5.773164036595371806e-01
-5.686705936785210191e-01
-5.600247836975049687e-01
-5.513789737164886962e-01
-5.427331637354726457e-01
-5.340873537544563732e-01
-5.254415437734403227e-01
-5.167957337924241612e-01
-5.081499238114079997e-01
-4.995041138303918382e-01
-4.908583038493756767e-01
-4.822124938683595152e-01
-4.735666838873433537e-01
-4.649208739063271922e-01
-4.562750639253110863e-01
-4.476292539442949248e-01
-4.389834439632787633e-01
-4.303376339822626573e-01
-4.216918240012464958e-01
-4.130460140202303343e-01
-4.044002040392141728e-01
-3.957543940581980113e-01
-3.871085840771818498e-01
-3.784627740961656883e-01
-3.698169641151495268e-01
-3.611711541341333653e-01
-3.525253441531172038e-01
-3.438795341721010423e-01
-3.352337241910848809e-01
-3.265879142100687194e-01
-3.179421042290526689e-01
-3.092962942480365074e-01
-3.006504842670203459e-01
-2.920046742860041844e-01
-2.833588643049880229e-01
-2.747130543239718614e-01
-2.660672443429556999e-01
-2.574214343619395384e-01
-2.487756243809233769e-01
-2.401298143999072154e-01
-2.314840044188910539e-01
-2.228381944378748925e-01
-2.141923844568587310e-01
-2.055465744758426805e-01
-1.969007644948265190e-01
-1.882549545138103575e-01
-1.796091445327941960e-01
-1.709633345517780345e-01
-1.623175245707618730e-01
-1.536717145897457115e-01
-1.450259046087295500e-01
-1.363800946277133885e-01
-1.277342846466972270e-01
-1.190884746656810655e-01
-1.104426646846649041e-01
-1.017968547036488536e-01
-9.315104472263269209e-02
-8.450523474161653059e-02
-7.585942476060036910e-02
-6.721361477958420760e-02
-5.856780479856804611e-02
-4.992199481755188462e-02
-4.127618483653572312e-02
-3.263037485551956163e-02
-2.398456487450340013e-02
-1.533875489348723864e-02
-6.692944912471077146e-03
1.952865068545084348e-03
1.059867504956113482e-02
1.924448503057729631e-02
2.789029501159345781e-02
3.653610499260961930e-02
4.518191497362578080e-02
5.382772495464194229e-02
6.247353493565810378e-02
7.111934491667415426e-02
7.976515489769042677e-02
8.841096487870647724e-02
9.705677485972274976e-02
1.057025848407388002e-01
1.143483948217550727e-01
1.229942048027711232e-01
1.316400147837873957e-01
1.402858247648034462e-01
1.489316347458197187e-01
1.575774447268357692e-01
1.662232547078520417e-01
1.748690646888680922e-01
1.835148746698841427e-01
1.921606846509004152e-01
2.008064946319164656e-01
2.094523046129327382e-01
2.180981145939487886e-01
2.267439245749650611e-01
2.353897345559811116e-01
2.440355445369973841e-01
2.526813545180134346e-01
2.613271644990297071e-01
2.699729744800457576e-01
2.786187844610620301e-01
2.872645944420780806e-01
2.959104044230941311e-01
3.045562144041104036e-01
3.132020243851264540e-01
3.218478343661427266e-01
3.304936443471587770e-01
3.391394543281750495e-01
3.477852643091911000e-01
3.564310742902073725e-01
3.650768842712234230e-01
3.737226942522396955e-01
3.823685042332557460e-01
3.910143142142720185e-01
3.996601241952880690e-01
4.083059341763041195e-01
4.169517441573203920e-01
4.255975541383364424e-01
4.342433641193527150e-01
4.428891741003687654e-01
4.515349840813850379e-01
4.601807940624010884e-01
4.688266040434173609e-01
4.774724140244334114e-01
4.861182240054496839e-01
4.947640339864657344e-01
5.034098439674820069e-01
5.120556539484980574e-01
5.207014639295141079e-01
5.293472739105303804e-01
5.379930838915464308e-01
5.466388938725627034e-01
5.552847038535787538e-01
5.639305138345950263e-01
5.725763238156110768e-01
5.812221337966273493e-01
5.898679437776433998e-01
5.985137537586596723e-01
6.071595637396757228e-01
6.158053737206919953e-01
6.244511837017080458e-01
6.330969936827240963e-01
6.417428036637403688e-01
6.503886136447564192e-01
6.590344236257726918e-01
6.676802336067887422e-01
6.763260435878050147e-01
6.849718535688210652e-01
6.936176635498373377e-01
7.022634735308533882e-01
7.109092835118696607e-01
7.195550934928857112e-01
7.282009034739017617e-01
7.368467134549180342e-01
7.454925234359340847e-01
7.541383334169503572e-01
7.627841433979664076e-01
7.714299533789826802e-01
7.800757633599987306e-01
7.887215733410150031e-01
7.973673833220310536e-01
8.060131933030473261e-01
8.146590032840633766e-01
8.233048132650796491e-01
8.319506232460956996e-01
8.405964332271117501e-01
8.492422432081280226e-01
8.578880531891440731e-01
8.665338631701603456e-01
8.751796731511763960e-01
8.838254831321926686e-01
8.924712931132087190e-01
9.011171030942249915e-01
9.097629130752410420e-01
9.184087230562573145e-01
9.270545330372733650e-01
9.357003430182896375e-01
9.443461529993056880e-01
9.529919629803217385e-01
9.616377729613380110e-01
9.702835829423540615e-01
9.789293929233703340e-01
9.875752029043863844e-01
9.962210128854026570e-01
1.004866822866418818e+00
1.013512632847434869e+00
1.022158442828450919e+00
1.030804252809467414e+00
1.039450062790483464e+00
1.048095872771499515e+00
1.056741682752515565e+00
1.065387492733531616e+00
1.074033302714547666e+00
1.082679112695564161e+00
1.091324922676580211e+00
1.099970732657596262e+00
1.108616542638612312e+00
1.117262352619628807e+00
1.125908162600644857e+00
1.134553972581660908e+00
1.143199782562676958e+00
1.151845592543693453e+00
1.160491402524709503e+00
1.169137212505725554e+00
1.177783022486741604e+00
1.186428832467757655e+00
1.195074642448774149e+00
1.203720452429790200e+00
1.212366262410806250e+00
1.221012072391822301e+00
1.229657882372838795e+00
1.238303692353854846e+00
1.246949502334870896e+00
1.255595312315886947e+00
1.264241122296903441e+00
1.272886932277919492e+00
1.281532742258935542e+00
1.290178552239951593e+00
1.298824362220967643e+00
1.307470172201984138e+00
1.316115982183000188e+00
1.324761792164016239e+00
1.333407602145032289e+00
1.342053412126048784e+00
1.350699222107064834e+00
1.359345032088080885e+00
1.367990842069096935e+00
1.376636652050113430e+00
1.385282462031129480e+00
1.393928272012145531e+00
1.402574081993161581e+00
1.411219891974177632e+00
1.419865701955194126e+00
1.428511511936210177e+00
1.437157321917226227e+00
1.445803131898242277e+00
1.454448941879258772e+00
1.463094751860274823e+00
1.471740561841290873e+00
1.480386371822306923e+00
1.489032181803323418e+00
1.497677991784339468e+00
1.506323801765355519e+00
1.514969611746371569e+00
1.523615421727387620e+00
1.532261231708404114e+00
1.540907041689420165e+00
1.549552851670436215e+00
1.558198661651452266e+00
1.566844471632468760e+00
1.575490281613484811e+00
1.584136091594500861e+00
1.592781901575516912e+00
1.601427711556533406e+00
1.610073521537549457e+00
1.618719331518565507e+00
1.627365141499581558e+00
1.636010951480597608e+00
1.644656761461614103e+00
1.653302571442630153e+00
1.661948381423646204e+00
1.670594191404662254e+00
1.679240001385678749e+00
1.687885811366694799e+00
1.696531621347710850e+00
1.705177431328726900e+00
1.713823241309743395e+00
1.722469051290759445e+00
1.731114861271775496e+00
1.739760671252791546e+00
1.748406481233807597e+00
1.757052291214824091e+00
1.765698101195840142e+00
1.774343911176856192e+00
1.782989721157872243e+00
1.791635531138888737e+00
1.800281341119904788e+00
1.808927151100920838e+00
1.817572961081936889e+00
1.826218771062953383e+00
1.834864581043969434e+00
1.843510391024985484e+00
1.852156201006001535e+00
1.860802010987017585e+00
1.869447820968034080e+00
1.878093630949050130e+00
1.886739440930066181e+00
1.895385250911082231e+00
1.904031060892098726e+00
1.912676870873114776e+00
1.921322680854130827e+00
1.929968490835146877e+00
1.938614300816163372e+00
1.947260110797179422e+00
1.955905920778195473e+00
1.964551730759211523e+00
1.973197540740227574e+00
1.981843350721244068e+00
1.990489160702260119e+00
1.999134970683276169e+00
2.007780780664292219e+00
2.016426590645308714e+00
2.025072400626324765e+00
2.033718210607340815e+00
2.042364020588356865e+00
2.051009830569373360e+00
2.059655640550389410e+00
2.068301450531405461e+00
2.076947260512421511e+00
2.085593070493437562e+00
2.094238880474454056e+00
2.102884690455470107e+00
2.111530500436486157e+00
2.120176310417502208e+00
2.128822120398518702e+00
2.137467930379534753e+00
2.146113740360550803e+00
2.154759550341566854e+00
2.163405360322583348e+00
2.172051170303599399e+00
2.180696980284615449e+00
2.189342790265631500e+00
2.197988600246647550e+00
2.206634410227664045e+00
2.215280220208680095e+00
2.223926030189696146e+00
2.232571840170712196e+00
2.241217650151728691e+00
2.249863460132744741e+00
2.258509270113760792e+00
2.267155080094776842e+00
2.275800890075793337e+00
2.284446700056809387e+00
2.293092510037825438e+00
2.301738320018841488e+00
2.310384129999857539e+00
2.319029939980874033e+00
2.327675749961890084e+00
2.336321559942906134e+00
2.344967369923922185e+00
2.353613179904938679e+00
2.362258989885954730e+00
2.370904799866970780e+00
2.379550609847986831e+00
2.388196419829002881e+00
2.396842229810019376e+00
2.405488039791035426e+00
2.414133849772051477e+00
2.422779659753067527e+00
2.431425469734084022e+00
2.440071279715100072e+00
2.448717089696116123e+00
2.457362899677132173e+00
2.466008709658148668e+00
2.474654519639164718e+00
2.483300329620180769e+00
2.491946139601196819e+00
2.500591949582212870e+00
2.509237759563229364e+00
2.517883569544245415e+00
2.526529379525261465e+00
2.535175189506277516e+00
2.543820999487294010e+00
2.552466809468310061e+00
2.561112619449326111e+00
2.569758429430342161e+00
2.578404239411358656e+00
2.587050049392374707e+00
2.595695859373390757e+00
2.604341669354406807e+00
2.612987479335422858e+00
2.621633289316439352e+00
2.630279099297455403e+00
2.638924909278471453e+00
2.647570719259487504e+00
2.656216529240503998e+00
2.664862339221520049e+00
2.673508149202536099e+00
2.682153959183552150e+00
2.690799769164568644e+00
2.699445579145584695e+00
2.708091389126600745e+00
2.716737199107616796e+00
2.725383009088632846e+00
2.734028819069649341e+00
2.742674629050665391e+00
2.751320439031681442e+00
2.759966249012697492e+00
2.768612058993713987e+00
2.777257868974730037e+00
2.785903678955746088e+00
2.794549488936762138e+00
2.803195298917778633e+00
2.811841108898794683e+00
2.820486918879810734e+00
2.829132728860826784e+00
2.837778538841842835e+00
2.846424348822859329e+00
2.855070158803875380e+00
2.863715968784891430e+00
2.872361778765907481e+00
2.881007588746923975e+00
2.889653398727940026e+00
2.898299208708956076e+00
2.906945018689972127e+00
2.915590828670988621e+00
2.924236638652004672e+00
2.932882448633020722e+00
2.941528258614036773e+00
2.950174068595052823e+00
2.958819878576069318e+00
2.967465688557085368e+00
2.976111498538101419e+00
2.984757308519117469e+00
2.993403118500133964e+00
3.002048928481150014e+00
3.010694738462166065e+00
3.019340548443182115e+00
3.027986358424198610e+00
3.036632168405214660e+00
3.045277978386230711e+00
3.053923788367246761e+00
3.062569598348262812e+00
3.071215408329278862e+00
3.079861218310294912e+00
3.088507028291311851e+00
3.097152838272327902e+00
3.105798648253343952e+00
3.114444458234360003e+00
3.123090268215376053e+00
3.131736078196392103e+00
3.140381888177408154e+00
3.149027698158424204e+00
3.157673508139441143e+00
3.166319318120457194e+00
3.174965128101473244e+00
3.183610938082489294e+00
3.192256748063505345e+00
3.200902558044521395e+00
3.209548368025537446e+00
3.218194178006553496e+00
3.226839987987569547e+00
3.235485797968586485e+00
3.244131607949602536e+00
3.252777417930618586e+00
3.261423227911634637e+00
3.270069037892650687e+00
3.278714847873666738e+00
3.287360657854682788e+00
3.296006467835698839e+00
3.304652277816714889e+00
3.313298087797731828e+00
3.321943897778747878e+00
3.330589707759763929e+00
3.339235517740779979e+00
3.347881327721796030e+00
3.356527137702812080e+00
3.365172947683828131e+00
3.373818757664844181e+00
3.382464567645861120e+00
3.391110377626877170e+00
3.399756187607893221e+00
3.408401997588909271e+00
3.417047807569925322e+00
3.425693617550941372e+00
3.434339427531957423e+00
3.442985237512973473e+00
3.451631047493989524e+00
3.460276857475006462e+00
3.468922667456022513e+00
3.477568477437038563e+00
3.486214287418054614e+00
3.494860097399070664e+00
3.503505907380086715e+00
3.512151717361102765e+00
3.520797527342118816e+00
3.529443337323134866e+00
3.538089147304151805e+00
3.546734957285167855e+00
3.555380767266183906e+00
3.564026577247199956e+00
3.572672387228216007e+00
3.581318197209232057e+00
3.589964007190248108e+00
3.598609817171264158e+00
3.607255627152280208e+00
3.615901437133297147e+00
3.624547247114313198e+00
3.633193057095329248e+00
3.641838867076345299e+00
3.650484677057361349e+00
3.659130487038377400e+00
3.667776297019393450e+00
3.676422107000409500e+00
3.685067916981426439e+00
3.693713726962442490e+00
3.702359536943458540e+00
3.711005346924474591e+00
3.719651156905490641e+00
3.728296966886506691e+00
3.736942776867522742e+00
3.745588586848538792e+00
3.754234396829554843e+00
3.762880206810571782e+00
3.771526016791587832e+00
3.780171826772603882e+00
3.788817636753619933e+00
3.797463446734635983e+00
3.806109256715652034e+00
3.814755066696668084e+00
3.823400876677684135e+00
3.832046686658700185e+00
3.840692496639717124e+00
3.849338306620733174e+00
3.857984116601749225e+00
3.866629926582765275e+00
3.875275736563781326e+00
3.883921546544797376e+00
3.892567356525813427e+00
3.901213166506829477e+00
3.909858976487846416e+00
3.918504786468862466e+00
3.927150596449878517e+00
3.935796406430894567e+00
3.944442216411910618e+00
3.953088026392926668e+00
3.961733836373942719e+00
3.970379646354958769e+00
3.979025456335974820e+00
3.987671266316991758e+00
3.996317076298007809e+00
4.004962886279024303e+00
4.013608696260040354e+00
4.022254506241056404e+00
4.030900316222072455e+00
4.039546126203088505e+00
4.048191936184104556e+00
4.056837746165120606e+00
4.065483556146137545e+00
4.074129366127153595e+00
4.082775176108169646e+00
4.091420986089185696e+00
4.100066796070201747e+00
4.108712606051217797e+00
4.117358416032233848e+00
4.126004226013249898e+00
4.134650035994266837e+00
4.143295845975282887e+00
4.151941655956298938e+00
4.160587465937314988e+00
4.169233275918331039e+00
4.177879085899347089e+00
4.186524895880363140e+00
4.195170705861379190e+00
4.203816515842395241e+00
4.212462325823412179e+00
4.221108135804428230e+00
4.229753945785444280e+00
4.238399755766460331e+00
4.247045565747476381e+00
4.255691375728492432e+00
4.264337185709508482e+00
4.272982995690524533e+00
4.281628805671540583e+00
4.290274615652557522e+00
4.298920425633573572e+00
4.307566235614589623e+00
4.316212045595605673e+00
4.324857855576621724e+00
4.333503665557637774e+00
4.342149475538653824e+00
4.350795285519669875e+00
4.359441095500685925e+00
