-9.320058212883166604e-01
-9.233467887476198843e-01
-9.146877562069232193e-01
-9.060287236662264432e-01
-8.973696911255296671e-01
-8.887106585848330020e-01
-8.800516260441362260e-01
-8.713925935034394499e-01
-8.627335609627427848e-01
-8.540745284220460087e-01
-8.454154958813493437e-01
-8.367564633406525676e-01
-8.280974307999557915e-01
-8.194383982592591265e-01
-8.107793657185623504e-01
-8.021203331778656853e-01
-7.934613006371689092e-01
-7.848022680964721332e-01
-7.761432355557753571e-01
-7.674842030150786920e-01
-7.588251704743819159e-01
-7.501661379336852509e-01
-7.415071053929884748e-01
-7.328480728522916987e-01
-7.241890403115949226e-01
-7.155300077708982576e-01
-7.068709752302014815e-01
-6.982119426895048164e-01
-6.895529101488080403e-01
-6.808938776081112643e-01
-6.722348450674145992e-01
-6.635758125267178231e-01
-6.549167799860211581e-01
-6.462577474453243820e-01
-6.375987149046276059e-01
-6.289396823639308298e-01
-6.202806498232341648e-01
-6.116216172825374997e-01
-6.029625847418407236e-01
-5.943035522011439475e-01
-5.856445196604471715e-01
-5.769854871197503954e-01
-5.683264545790537303e-01
-5.596674220383570653e-01
-5.510083894976602892e-01
-5.423493569569635131e-01
-5.336903244162667370e-01
-5.250312918755700720e-01
-5.163722593348732959e-01
-5.077132267941766308e-01
-4.990541942534798547e-01
-4.903951617127831342e-01
-4.817361291720863581e-01
-4.730770966313896375e-01
-4.644180640906929169e-01
-4.557590315499961964e-01
-4.470999990092994203e-01
-4.384409664686026997e-01
-4.297819339279059792e-01
-4.211229013872092031e-01
-4.124638688465125380e-01
-4.038048363058157619e-01
-3.951458037651189859e-01
-3.864867712244223208e-01
-3.778277386837255447e-01
-3.691687061430287686e-01
-3.605096736023321036e-01
-3.518506410616353275e-01
-3.431916085209385514e-01
-3.345325759802418863e-01
-3.258735434395451103e-01
-3.172145108988484452e-01
-3.085554783581516691e-01
-2.998964458174548930e-01
-2.912374132767582280e-01
-2.825783807360614519e-01
-2.739193481953646758e-01
-2.652603156546680108e-01
-2.566012831139712347e-01
-2.479422505732744586e-01
-2.392832180325777935e-01
-2.306241854918810175e-01
-2.219651529511842414e-01
-2.133061204104875763e-01
-2.046470878697908002e-01
-1.959880553290941352e-01
-1.873290227883973591e-01
-1.786699902477005830e-01
-1.700109577070039180e-01
-1.613519251663071419e-01
-1.526928926256103658e-01
-1.440338600849137007e-01
-1.353748275442169247e-01
-1.267157950035201486e-01
-1.180567624628234835e-01
-1.093977299221267074e-01
-1.007386973814299314e-01
-9.207966484073326630e-02
-8.342063230003649021e-02
-7.476159975933982516e-02
-6.610256721864304907e-02
-5.744353467794627299e-02
-4.878450213724960793e-02
-4.012546959655283185e-02
-3.146643705585605577e-02
-2.280740451515939071e-02
-1.414837197446261463e-02
-5.489339433765838550e-03
3.169693106930826509e-03
1.182872564762760259e-02
2.048775818832426765e-02
2.914679072902104373e-02
3.780582326971781981e-02
4.646485581041448487e-02
5.512388835111126095e-02
6.378292089180803703e-02
7.244195343250470209e-02
8.110098597320147817e-02
8.976001851389825426e-02
9.841905105459503034e-02
1.070780835952915844e-01
1.157371161359883605e-01
1.243961486766851365e-01
1.330551812173819126e-01
1.417142137580786887e-01
1.503732462987754648e-01
1.590322788394720188e-01
1.676913113801687949e-01
1.763503439208655710e-01
1.850093764615623471e-01
1.936684090022591231e-01
2.023274415429556772e-01
2.109864740836524533e-01
2.196455066243492293e-01
2.283045391650460054e-01
2.369635717057427815e-01
2.456226042464395576e-01
2.542816367871361116e-01
2.629406693278328877e-01
2.715997018685296638e-01
2.802587344092264399e-01
2.889177669499232159e-01
2.975767994906197700e-01
3.062358320313165461e-01
3.148948645720133221e-01
3.235538971127100982e-01
3.322129296534068743e-01
3.408719621941036504e-01
3.495309947348002044e-01
3.581900272754969805e-01
3.668490598161937566e-01
3.755080923568905327e-01
3.841671248975873088e-01
3.928261574382840848e-01
4.014851899789806389e-01
4.101442225196774150e-01
4.188032550603741910e-01
4.274622876010709671e-01
4.361213201417677432e-01
4.447803526824642972e-01
4.534393852231610733e-01
4.620984177638578494e-01
4.707574503045546255e-01
4.794164828452514016e-01
4.880755153859481776e-01
4.967345479266447317e-01
5.053935804673415078e-01
5.140526130080382838e-01
5.227116455487350599e-01
5.313706780894318360e-01
5.400297106301283900e-01
5.486887431708251661e-01
5.573477757115219422e-01
5.660068082522187183e-01
5.746658407929154944e-01
5.833248733336122704e-01
5.919839058743088245e-01
6.006429384150056006e-01
6.093019709557023766e-01
6.179610034963991527e-01
6.266200360370959288e-01
6.352790685777924828e-01
6.439381011184892589e-01
6.525971336591860350e-01
6.612561661998828111e-01
6.699151987405795872e-01
6.785742312812763632e-01
6.872332638219729173e-01
6.958922963626696934e-01
7.045513289033664694e-01
7.132103614440632455e-01
7.218693939847600216e-01
7.305284265254567977e-01
7.391874590661533517e-01
7.478464916068501278e-01
7.565055241475469039e-01
7.651645566882436800e-01
7.738235892289404561e-01
7.824826217696370101e-01
7.911416543103337862e-01
7.998006868510305623e-01
8.084597193917273383e-01
8.171187519324241144e-01
8.257777844731208905e-01
8.344368170138174445e-01
8.430958495545142206e-01
8.517548820952109967e-01
8.604139146359077728e-01
8.690729471766045489e-01
8.777319797173011029e-01
8.863910122579978790e-01
8.950500447986946551e-01
9.037090773393914311e-01
9.123681098800882072e-01
9.210271424207849833e-01
9.296861749614815373e-01
9.383452075021783134e-01
9.470042400428750895e-01
9.556632725835718656e-01
9.643223051242686417e-01
9.729813376649651957e-01
9.816403702056619718e-01
9.902994027463587479e-01
9.989584352870555239e-01
1.007617467827752300e+00
1.016276500368449076e+00
1.024935532909145630e+00
1.033594565449842406e+00
1.042253597990539182e+00
1.050912630531235958e+00
1.059571663071932734e+00
1.068230695612629511e+00
1.076889728153326065e+00
1.085548760694023063e+00
1.094207793234719617e+00
1.102866825775416171e+00
1.111525858316113169e+00
1.120184890856809723e+00
1.128843923397506721e+00
1.137502955938203275e+00
1.146161988478899829e+00
1.154821021019596827e+00
1.163480053560293381e+00
1.172139086100990379e+00
1.180798118641686933e+00
1.189457151182383488e+00
1.198116183723080486e+00
1.206775216263777040e+00
1.215434248804474038e+00
1.224093281345170592e+00
1.232752313885867590e+00
1.241411346426564144e+00
1.250070378967260698e+00
1.258729411507957696e+00
1.267388444048654250e+00
1.276047476589351248e+00
1.284706509130047802e+00
1.293365541670744356e+00
1.302024574211441355e+00
1.310683606752137909e+00
1.319342639292834907e+00
1.328001671833531461e+00
1.336660704374228015e+00
1.345319736914925013e+00
1.353978769455621567e+00
1.362637801996318565e+00
1.371296834537015119e+00
1.379955867077712117e+00
1.388614899618408671e+00
1.397273932159105225e+00
1.405932964699802223e+00
1.414591997240498777e+00
1.423251029781195776e+00
1.431910062321892330e+00
1.440569094862588884e+00
1.449228127403285882e+00
1.457887159943982436e+00
1.466546192484679434e+00
1.475205225025375988e+00
1.483864257566072542e+00
1.492523290106769540e+00
1.501182322647466094e+00
1.509841355188163092e+00
1.518500387728859646e+00
1.527159420269556200e+00
1.535818452810253198e+00
1.544477485350949753e+00
1.553136517891646751e+00
1.561795550432343305e+00
1.570454582973040303e+00
1.579113615513736857e+00
1.587772648054433411e+00
1.596431680595130409e+00
1.605090713135826963e+00
1.613749745676523961e+00
1.622408778217220515e+00
1.631067810757917069e+00
1.639726843298614067e+00
1.648385875839310621e+00
1.657044908380007620e+00
1.665703940920704174e+00
1.674362973461400728e+00
1.683022006002097726e+00
1.691681038542794280e+00
1.700340071083491278e+00
1.708999103624187832e+00
1.717658136164884830e+00
1.726317168705581384e+00
1.734976201246277938e+00
1.743635233786974936e+00
1.752294266327671490e+00
1.760953298868368488e+00
1.769612331409065042e+00
1.778271363949761597e+00
1.786930396490458595e+00
1.795589429031155149e+00
1.804248461571852147e+00
1.812907494112548701e+00
1.821566526653245255e+00
1.830225559193942253e+00
1.838884591734638807e+00
1.847543624275335805e+00
1.856202656816032359e+00
1.864861689356728913e+00
1.873520721897425911e+00
1.882179754438122465e+00
1.890838786978819464e+00
1.899497819519516018e+00
1.908156852060213016e+00
1.916815884600909570e+00
1.925474917141606124e+00
1.934133949682303122e+00
1.942792982222999676e+00
1.951452014763696674e+00
1.960111047304393228e+00
1.968770079845089782e+00
1.977429112385786780e+00
1.986088144926483334e+00
1.994747177467180332e+00
2.003406210007876886e+00
2.012065242548573440e+00
2.020724275089270439e+00
2.029383307629966993e+00
2.038042340170663991e+00
2.046701372711360545e+00
2.055360405252057543e+00
2.064019437792754097e+00
2.072678470333450651e+00
2.081337502874147649e+00
2.089996535414844203e+00
2.098655567955541201e+00
2.107314600496237755e+00
2.115973633036934309e+00
2.124632665577631307e+00
2.133291698118327862e+00
2.141950730659024860e+00
2.150609763199721414e+00
2.159268795740417968e+00
2.167927828281114966e+00
2.176586860821811520e+00
2.185245893362508518e+00
2.193904925903205072e+00
2.202563958443901626e+00
2.211222990984598624e+00
2.219882023525295178e+00
2.228541056065992176e+00
2.237200088606688730e+00
2.245859121147385729e+00
2.254518153688082283e+00
2.263177186228778837e+00
2.271836218769475835e+00
2.280495251310172389e+00
2.289154283850869387e+00
2.297813316391565941e+00
2.306472348932262495e+00
2.315131381472959493e+00
2.323790414013656047e+00
2.332449446554353045e+00
2.341108479095049599e+00
2.349767511635746153e+00
2.358426544176443151e+00
2.367085576717139705e+00
2.375744609257836704e+00
2.384403641798533258e+00
2.393062674339230256e+00
2.401721706879926810e+00
2.410380739420623364e+00
2.419039771961320362e+00
2.427698804502016916e+00
2.436357837042713914e+00
2.445016869583410468e+00
2.453675902124107022e+00
2.462334934664804020e+00
2.470993967205500574e+00
2.479652999746197573e+00
2.488312032286894127e+00
2.496971064827590681e+00
2.505630097368287679e+00
2.514289129908984233e+00
2.522948162449681231e+00
2.531607194990377785e+00
2.540266227531074339e+00
2.548925260071771337e+00
2.557584292612467891e+00
2.566243325153164889e+00
2.574902357693861443e+00
2.583561390234558441e+00
2.592220422775254995e+00
2.600879455315951549e+00
2.609538487856648548e+00
2.618197520397345102e+00
2.626856552938042100e+00
2.635515585478738654e+00
2.644174618019435208e+00
2.652833650560132206e+00
2.661492683100828760e+00
2.670151715641525758e+00
2.678810748182222312e+00
2.687469780722918866e+00
2.696128813263615864e+00
2.704787845804312418e+00
2.713446878345009416e+00
2.722105910885705971e+00
2.730764943426402525e+00
2.739423975967099523e+00
2.748083008507796077e+00
2.756742041048493075e+00
2.765401073589189629e+00
2.774060106129886627e+00
2.782719138670583181e+00
2.791378171211279735e+00
2.800037203751976733e+00
2.808696236292673287e+00
2.817355268833370285e+00
2.826014301374066839e+00
2.834673333914763393e+00
2.843332366455460392e+00
2.851991398996156946e+00
2.860650431536853944e+00
2.869309464077550498e+00
2.877968496618247052e+00
2.886627529158944050e+00
2.895286561699640604e+00
2.903945594240337602e+00
2.912604626781034156e+00
2.921263659321731154e+00
2.929922691862427708e+00
2.938581724403124262e+00
2.947240756943821260e+00
2.955899789484517814e+00
2.964558822025214813e+00
2.973217854565911367e+00
2.981876887106607921e+00
2.990535919647304919e+00
2.999194952188001473e+00
3.007853984728698471e+00
3.016513017269395025e+00
3.025172049810091579e+00
3.033831082350788577e+00
3.042490114891485131e+00
3.051149147432182129e+00
3.059808179972878683e+00
3.068467212513575681e+00
3.077126245054271791e+00
3.085785277594968790e+00
3.094444310135665788e+00
3.103103342676362786e+00
3.111762375217058896e+00
3.120421407757755894e+00
3.129080440298452892e+00
3.137739472839149002e+00
3.146398505379846000e+00
3.155057537920542998e+00
3.163716570461239996e+00
3.172375603001936106e+00
3.181034635542633104e+00
3.189693668083330103e+00
3.198352700624026212e+00
3.207011733164723211e+00
3.215670765705420209e+00
3.224329798246116319e+00
3.232988830786813317e+00
3.241647863327510315e+00
3.250306895868207313e+00
3.258965928408903423e+00
3.267624960949600421e+00
3.276283993490297419e+00
3.284943026030993529e+00
3.293602058571690527e+00
3.302261091112387525e+00
3.310920123653083635e+00
3.319579156193780634e+00
3.328238188734477632e+00
3.336897221275174630e+00
3.345556253815870740e+00
3.354215286356567738e+00
3.362874318897264736e+00
3.371533351437960846e+00
3.380192383978657844e+00
3.388851416519354842e+00
3.397510449060051840e+00
3.406169481600747950e+00
3.414828514141444948e+00
3.423487546682141947e+00
3.432146579222838056e+00
3.440805611763535055e+00
3.449464644304232053e+00
3.458123676844928163e+00
3.466782709385625161e+00
3.475441741926322159e+00
3.484100774467019157e+00
3.492759807007715267e+00
3.501418839548412265e+00
3.510077872089109263e+00
3.518736904629805373e+00
3.527395937170502371e+00
3.536054969711199369e+00
3.544714002251896368e+00
3.553373034792592478e+00
3.562032067333289476e+00
3.570691099873986474e+00
3.579350132414682584e+00
3.588009164955379582e+00
3.596668197496076580e+00
3.605327230036772690e+00
3.613986262577469688e+00
3.622645295118166686e+00
3.631304327658863684e+00
3.639963360199559794e+00
3.648622392740256792e+00
3.657281425280953790e+00
3.665940457821649900e+00
3.674599490362346899e+00
3.683258522903043897e+00
3.691917555443740895e+00
3.700576587984437005e+00
3.709235620525134003e+00
3.717894653065831001e+00
3.726553685606527111e+00
3.735212718147224109e+00
3.743871750687921107e+00
3.752530783228617217e+00
3.761189815769314215e+00
3.769848848310011213e+00
3.778507880850708212e+00
3.787166913391404321e+00
3.795825945932101320e+00
3.804484978472798318e+00
3.813144011013494428e+00
3.821803043554191426e+00
3.830462076094888424e+00
3.839121108635584534e+00
3.847780141176281532e+00
3.856439173716978530e+00
3.865098206257675528e+00
3.873757238798371638e+00
3.882416271339068636e+00
3.891075303879765634e+00
3.899734336420461744e+00
3.908393368961158743e+00
3.917052401501855741e+00
3.925711434042552739e+00
3.934370466583248849e+00
3.943029499123945847e+00
3.951688531664642845e+00
3.960347564205338955e+00
3.969006596746035953e+00
3.977665629286732951e+00
3.986324661827429061e+00
3.994983694368126059e+00
4.003642726908823057e+00
4.012301759449520056e+00
4.020960791990216165e+00
4.029619824530913164e+00
4.038278857071610162e+00
4.046937889612306272e+00
4.055596922153003270e+00
4.064255954693700268e+00
4.072914987234397266e+00
4.081574019775093376e+00
4.090233052315790374e+00
4.098892084856487372e+00
4.107551117397183482e+00
4.116210149937880480e+00
4.124869182478577478e+00
4.133528215019273588e+00
4.142187247559970587e+00
4.150846280100667585e+00
4.159505312641364583e+00
4.168164345182060693e+00
4.176823377722757691e+00
4.185482410263454689e+00
4.194141442804150799e+00
4.202800475344847797e+00
4.211459507885544795e+00
4.220118540426241793e+00
4.228777572966937903e+00
4.237436605507634901e+00
4.246095638048331899e+00
4.254754670589028009e+00
4.263413703129725008e+00
4.272072735670422006e+00
4.280731768211118116e+00
4.289390800751815114e+00
4.298049833292512112e+00
4.306708865833209110e+00
4.315367898373905220e+00
4.324026930914602218e+00
4.332685963455299216e+00
4.341344995995995326e+00
4.350004028536692324e+00
4.358663061077389322e+00
