-1.458629706166887141e+00
-1.453748074783046018e+00
-1.448866443399204895e+00
-1.443984812015363772e+00
-1.439103180631522649e+00
-1.434221549247681526e+00
-1.429339917863840403e+00
-1.424458286479999503e+00
-1.419576655096158380e+00
-1.414695023712317257e+00
-1.409813392328476134e+00
-1.404931760944635011e+00
-1.400050129560793888e+00
-1.395168498176952765e+00
-1.390286866793111642e+00
-1.385405235409270519e+00
-1.380523604025429396e+00
-1.375641972641588273e+00
-1.370760341257747150e+00
-1.365878709873906027e+00
-1.360997078490064904e+00
-1.356115447106224003e+00
-1.351233815722382881e+00
-1.346352184338541758e+00
-1.341470552954700635e+00
-1.336588921570859512e+00
-1.331707290187018389e+00
-1.326825658803177266e+00
-1.321944027419336143e+00
-1.317062396035495020e+00
-1.312180764651653897e+00
-1.307299133267812774e+00
-1.302417501883971651e+00
-1.297535870500130528e+00
-1.292654239116289627e+00
-1.287772607732448504e+00
-1.282890976348607381e+00
-1.278009344964766258e+00
-1.273127713580925136e+00
-1.268246082197084013e+00
-1.263364450813242890e+00
-1.258482819429401767e+00
-1.253601188045560644e+00
-1.248719556661719521e+00
-1.243837925277878398e+00
-1.238956293894037275e+00
-1.234074662510196152e+00
-1.229193031126355251e+00
-1.224311399742513906e+00
-1.219429768358673005e+00
-1.214548136974831882e+00
-1.209666505590990759e+00
-1.204784874207149636e+00
-1.199903242823308513e+00
-1.195021611439467391e+00
-1.190139980055626268e+00
-1.185258348671785145e+00
-1.180376717287944022e+00
-1.175495085904102899e+00
-1.170613454520261776e+00
-1.165731823136420875e+00
-1.160850191752579530e+00
-1.155968560368738629e+00
-1.151086928984897506e+00
-1.146205297601056383e+00
-1.141323666217215260e+00
-1.136442034833374137e+00
-1.131560403449533014e+00
-1.126678772065691891e+00
-1.121797140681850768e+00
-1.116915509298009646e+00
-1.112033877914168523e+00
-1.107152246530327400e+00
-1.102270615146486499e+00
-1.097388983762645154e+00
-1.092507352378804253e+00
-1.087625720994963130e+00
-1.082744089611122007e+00
-1.077862458227280884e+00
-1.072980826843439761e+00
-1.068099195459598638e+00
-1.063217564075757515e+00
-1.058335932691916392e+00
-1.053454301308075269e+00
-1.048572669924234146e+00
-1.043691038540393023e+00
-1.038809407156552123e+00
-1.033927775772710778e+00
-1.029046144388869877e+00
-1.024164513005028532e+00
-1.019282881621187631e+00
-1.014401250237346508e+00
-1.009519618853505385e+00
-1.004637987469664262e+00
-9.997563560858231391e-01
-9.948747247019820161e-01
-9.899930933181408932e-01
-9.851114619342997702e-01
-9.802298305504586473e-01
-9.753481991666175244e-01
-9.704665677827765125e-01
-9.655849363989353895e-01
-9.607033050150942666e-01
-9.558216736312531436e-01
-9.509400422474120207e-01
-9.460584108635710088e-01
-9.411767794797298858e-01
-9.362951480958887629e-01
-9.314135167120476400e-01
-9.265318853282065170e-01
-9.216502539443653941e-01
-9.167686225605242711e-01
-9.118869911766832592e-01
-9.070053597928421363e-01
-9.021237284090010133e-01
-8.972420970251598904e-01
-8.923604656413187675e-01
-8.874788342574776445e-01
-8.825972028736366326e-01
-8.777155714897955097e-01
-8.728339401059543867e-01
-8.679523087221132638e-01
-8.630706773382721408e-01
-8.581890459544310179e-01
-8.533074145705898950e-01
-8.484257831867488830e-01
-8.435441518029077601e-01
-8.386625204190666372e-01
-8.337808890352255142e-01
-8.288992576513843913e-01
-8.240176262675432683e-01
-8.191359948837021454e-01
-8.142543634998611335e-01
-8.093727321160200106e-01
-8.044911007321788876e-01
-7.996094693483377647e-01
-7.947278379644966417e-01
-7.898462065806555188e-01
-7.849645751968143959e-01
-7.800829438129733839e-01
-7.752013124291322610e-01
-7.703196810452911381e-01
-7.654380496614500151e-01
-7.605564182776088922e-01
-7.556747868937677692e-01
-7.507931555099267573e-01
-7.459115241260856344e-01
-7.410298927422445114e-01
-7.361482613584033885e-01
-7.312666299745622656e-01
-7.263849985907211426e-01
-7.215033672068800197e-01
-7.166217358230390078e-01
-7.117401044391978848e-01
-7.068584730553567619e-01
-7.019768416715156389e-01
-6.970952102876745160e-01
-6.922135789038333931e-01
-6.873319475199922701e-01
-6.824503161361512582e-01
-6.775686847523101353e-01
-6.726870533684690123e-01
-6.678054219846278894e-01
-6.629237906007867664e-01
-6.580421592169456435e-01
-6.531605278331045206e-01
-6.482788964492635087e-01
-6.433972650654223857e-01
-6.385156336815812628e-01
-6.336340022977401398e-01
-6.287523709138990169e-01
-6.238707395300578940e-01
-6.189891081462168820e-01
-6.141074767623757591e-01
-6.092258453785346362e-01
-6.043442139946935132e-01
-5.994625826108523903e-01
-5.945809512270112673e-01
-5.896993198431701444e-01
-5.848176884593291325e-01
-5.799360570754880095e-01
-5.750544256916468866e-01
-5.701727943078057637e-01
-5.652911629239646407e-01
-5.604095315401235178e-01
-5.555279001562823948e-01
-5.506462687724413829e-01
-5.457646373886002600e-01
-5.408830060047591370e-01
-5.360013746209180141e-01
-5.311197432370768912e-01
-5.262381118532357682e-01
-5.213564804693946453e-01
-5.164748490855536334e-01
-5.115932177017125104e-01
-5.067115863178713875e-01
-5.018299549340302645e-01
-4.969483235501891416e-01
-4.920666921663480187e-01
-4.871850607825070067e-01
-4.823034293986658838e-01
-4.774217980148247609e-01
-4.725401666309836379e-01
-4.676585352471425150e-01
-4.627769038633013921e-01
-4.578952724794602691e-01
-4.530136410956191462e-01
-4.481320097117780232e-01
-4.432503783279369003e-01
-4.383687469440959994e-01
-4.334871155602548765e-01
-4.286054841764137535e-01
-4.237238527925726306e-01
-4.188422214087315076e-01
-4.139605900248903847e-01
-4.090789586410492618e-01
-4.041973272572081388e-01
-3.993156958733670159e-01
-3.944340644895258929e-01
-3.895524331056847700e-01
-3.846708017218436471e-01
-3.797891703380025241e-01
-3.749075389541614012e-01
-3.700259075703205003e-01
-3.651442761864793773e-01
-3.602626448026382544e-01
-3.553810134187971315e-01
-3.504993820349560085e-01
-3.456177506511148856e-01
-3.407361192672737626e-01
-3.358544878834326397e-01
-3.309728564995915168e-01
-3.260912251157503938e-01
-3.212095937319092709e-01
-3.163279623480681479e-01
-3.114463309642270250e-01
-3.065646995803861241e-01
-3.016830681965450012e-01
-2.968014368127038782e-01
-2.919198054288627553e-01
-2.870381740450216324e-01
-2.821565426611805094e-01
-2.772749112773393865e-01
-2.723932798934982635e-01
-2.675116485096571406e-01
-2.626300171258160177e-01
-2.577483857419748947e-01
-2.528667543581337718e-01
-2.479851229742926488e-01
-2.431034915904515259e-01
-2.382218602066106250e-01
-2.333402288227695021e-01
-2.284585974389283791e-01
-2.235769660550872562e-01
-2.186953346712461332e-01
-2.138137032874050103e-01
-2.089320719035638874e-01
-2.040504405197227644e-01
-1.991688091358816415e-01
-1.942871777520405185e-01
-1.894055463681993956e-01
-1.845239149843582727e-01
-1.796422836005171497e-01
-1.747606522166762488e-01
-1.698790208328351259e-01
-1.649973894489940029e-01
-1.601157580651528800e-01
-1.552341266813117571e-01
-1.503524952974706341e-01
-1.454708639136295112e-01
-1.405892325297883882e-01
-1.357076011459472653e-01
-1.308259697621061424e-01
-1.259443383782650194e-01
-1.210627069944238965e-01
-1.161810756105827735e-01
-1.112994442267416506e-01
-1.064178128429007497e-01
-1.015361814590596268e-01
-9.665455007521850384e-02
-9.177291869137738090e-02
-8.689128730753625796e-02
-8.200965592369513502e-02
-7.712802453985401208e-02
-7.224639315601288914e-02
-6.736476177217176620e-02
-6.248313038833064326e-02
-5.760149900448952032e-02
-5.271986762064839738e-02
-4.783823623680727444e-02
-4.295660485296637354e-02
-3.807497346912525060e-02
-3.319334208528412766e-02
-2.831171070144300472e-02
-2.343007931760188178e-02
-1.854844793376075884e-02
-1.366681654991963590e-02
-8.785185166078512964e-03
-3.903553782237390024e-03
9.780776016037329157e-04
5.859708985444855855e-03
1.074134036928597880e-02
1.562297175312710174e-02
2.050460313696822467e-02
2.538623452080912557e-02
3.026786590465024851e-02
3.514949728849137145e-02
4.003112867233249439e-02
4.491276005617361733e-02
4.979439144001474027e-02
5.467602282385586321e-02
5.955765420769698615e-02
6.443928559153810909e-02
6.932091697537923203e-02
7.420254835922035497e-02
7.908417974306147791e-02
8.396581112690260085e-02
8.884744251074350174e-02
9.372907389458462468e-02
9.861070527842574762e-02
1.034923366622668706e-01
1.083739680461079935e-01
1.132555994299491164e-01
1.181372308137902394e-01
1.230188621976313623e-01
1.279004935814724853e-01
1.327821249653136082e-01
1.376637563491547311e-01
1.425453877329958541e-01
1.474270191168369770e-01
1.523086505006781000e-01
1.571902818845190009e-01
1.620719132683601238e-01
1.669535446522012467e-01
1.718351760360423697e-01
1.767168074198834926e-01
1.815984388037246156e-01
1.864800701875657385e-01
1.913617015714068614e-01
1.962433329552479844e-01
2.011249643390891073e-01
2.060065957229302303e-01
2.108882271067713532e-01
2.157698584906124761e-01
2.206514898744533770e-01
2.255331212582945000e-01
2.304147526421356229e-01
2.352963840259767458e-01
2.401780154098178688e-01
2.450596467936589917e-01
2.499412781775001147e-01
2.548229095613412376e-01
2.597045409451823605e-01
2.645861723290234835e-01
2.694678037128646064e-01
2.743494350967057294e-01
2.792310664805468523e-01
2.841126978643879752e-01
2.889943292482288761e-01
2.938759606320699991e-01
2.987575920159111220e-01
3.036392233997522450e-01
3.085208547835933679e-01
3.134024861674344908e-01
3.182841175512756138e-01
3.231657489351167367e-01
3.280473803189578597e-01
3.329290117027989826e-01
3.378106430866401055e-01
3.426922744704812285e-01
3.475739058543223514e-01
3.524555372381632523e-01
3.573371686220043753e-01
3.622188000058454982e-01
3.671004313896866211e-01
3.719820627735277441e-01
3.768636941573688670e-01
3.817453255412099900e-01
3.866269569250511129e-01
3.915085883088922358e-01
3.963902196927333588e-01
4.012718510765744817e-01
4.061534824604156046e-01
4.110351138442567276e-01
4.159167452280978505e-01
4.207983766119387514e-01
4.256800079957798744e-01
4.305616393796209973e-01
4.354432707634621202e-01
4.403249021473032432e-01
4.452065335311443661e-01
4.500881649149854891e-01
4.549697962988266120e-01
4.598514276826677349e-01
4.647330590665088579e-01
4.696146904503499808e-01
4.744963218341911038e-01
4.793779532180322267e-01
4.842595846018731276e-01
4.891412159857142505e-01
4.940228473695553735e-01
4.989044787533964964e-01
5.037861101372376194e-01
5.086677415210787423e-01
5.135493729049198652e-01
5.184310042887609882e-01
5.233126356726021111e-01
5.281942670564432341e-01
5.330758984402843570e-01
5.379575298241254799e-01
5.428391612079666029e-01
5.477207925918075038e-01
5.526024239756488488e-01
5.574840553594897496e-01
5.623656867433310946e-01
5.672473181271719955e-01
5.721289495110133405e-01
5.770105808948542414e-01
5.818922122786951423e-01
5.867738436625364873e-01
5.916554750463773882e-01
5.965371064302187332e-01
6.014187378140596341e-01
6.063003691979009790e-01
6.111820005817418799e-01
6.160636319655832249e-01
6.209452633494241258e-01
6.258268947332654708e-01
6.307085261171063717e-01
6.355901575009477167e-01
6.404717888847886176e-01
6.453534202686299626e-01
6.502350516524708635e-01
6.551166830363117644e-01
6.599983144201531093e-01
6.648799458039940102e-01
6.697615771878353552e-01
6.746432085716762561e-01
6.795248399555176011e-01
6.844064713393585020e-01
6.892881027231998470e-01
6.941697341070407479e-01
6.990513654908820929e-01
7.039329968747229938e-01
7.088146282585643387e-01
7.136962596424052396e-01
7.185778910262461405e-01
7.234595224100874855e-01
7.283411537939283864e-01
7.332227851777697314e-01
7.381044165616106323e-01
7.429860479454519773e-01
7.478676793292928782e-01
7.527493107131342231e-01
7.576309420969751240e-01
7.625125734808164690e-01
7.673942048646573699e-01
7.722758362484987149e-01
7.771574676323396158e-01
7.820390990161805167e-01
7.869207304000218617e-01
7.918023617838627626e-01
7.966839931677041076e-01
8.015656245515450085e-01
8.064472559353863534e-01
8.113288873192272543e-01
8.162105187030685993e-01
8.210921500869095002e-01
8.259737814707508452e-01
8.308554128545917461e-01
8.357370442384330911e-01
8.406186756222739920e-01
8.455003070061148929e-01
8.503819383899562379e-01
8.552635697737971388e-01
8.601452011576384837e-01
8.650268325414793846e-01
8.699084639253207296e-01
8.747900953091616305e-01
8.796717266930029755e-01
8.845533580768438764e-01
8.894349894606852214e-01
8.943166208445261223e-01
8.991982522283674673e-01
9.040798836122083681e-01
9.089615149960497131e-01
9.138431463798906140e-01
9.187247777637315149e-01
9.236064091475728599e-01
9.284880405314137608e-01
9.333696719152551058e-01
9.382513032990960067e-01
9.431329346829373517e-01
9.480145660667782526e-01
9.528961974506195975e-01
9.577778288344604984e-01
9.626594602183018434e-01
9.675410916021427443e-01
9.724227229859840893e-01
9.773043543698249902e-01
9.821859857536658911e-01
9.870676171375072361e-01
9.919492485213481370e-01
9.968308799051894820e-01
1.001712511289030383e+00
1.006594142672871728e+00
1.011475774056712629e+00
1.016357405440553974e+00
1.021239036824394875e+00
1.026120668208236220e+00
1.031002299592077120e+00
1.035883930975918465e+00
1.040765562359759366e+00
1.045647193743600267e+00
1.050528825127441612e+00
1.055410456511282513e+00
1.060292087895123858e+00
1.065173719278964759e+00
1.070055350662806104e+00
1.074936982046647005e+00
1.079818613430488350e+00
1.084700244814329251e+00
1.089581876198170596e+00
1.094463507582011497e+00
1.099345138965852842e+00
1.104226770349693743e+00
1.109108401733534643e+00
1.113990033117375988e+00
1.118871664501216889e+00
1.123753295885058234e+00
1.128634927268899135e+00
1.133516558652740480e+00
1.138398190036581381e+00
1.143279821420422726e+00
1.148161452804263627e+00
1.153043084188104972e+00
1.157924715571945873e+00
1.162806346955787218e+00
1.167687978339628119e+00
1.172569609723469020e+00
1.177451241107310365e+00
1.182332872491151265e+00
1.187214503874992610e+00
1.192096135258833511e+00
1.196977766642674856e+00
1.201859398026515757e+00
1.206741029410357102e+00
1.211622660794198003e+00
1.216504292178039348e+00
1.221385923561880249e+00
1.226267554945721594e+00
1.231149186329562495e+00
1.236030817713403840e+00
1.240912449097244741e+00
1.245794080481085642e+00
1.250675711864926987e+00
1.255557343248767888e+00
1.260438974632609233e+00
1.265320606016450133e+00
1.270202237400291478e+00
1.275083868784132379e+00
1.279965500167973724e+00
1.284847131551814625e+00
1.289728762935655970e+00
1.294610394319496871e+00
1.299492025703338216e+00
1.304373657087179117e+00
1.309255288471020018e+00
1.314136919854861363e+00
1.319018551238702264e+00
1.323900182622543609e+00
1.328781814006384510e+00
1.333663445390225855e+00
1.338545076774066755e+00
1.343426708157908100e+00
1.348308339541749001e+00
1.353189970925590346e+00
1.358071602309431247e+00
1.362953233693272592e+00
1.367834865077113493e+00
1.372716496460954394e+00
1.377598127844795739e+00
1.382479759228636640e+00
1.387361390612477985e+00
1.392243021996318886e+00
1.397124653380160231e+00
1.402006284764001132e+00
1.406887916147842477e+00
1.411769547531683378e+00
1.416651178915524723e+00
1.421532810299365623e+00
1.426414441683206968e+00
1.431296073067047869e+00
1.436177704450888770e+00
1.441059335834730115e+00
1.445940967218571016e+00
1.450822598602412361e+00
1.455704229986253262e+00
1.460585861370094607e+00
1.465467492753935508e+00
1.470349124137776853e+00
1.475230755521617754e+00
1.480112386905459099e+00
1.484994018289300000e+00
1.489875649673141345e+00
1.494757281056982245e+00
1.499638912440823590e+00
1.504520543824664491e+00
1.509402175208505392e+00
1.514283806592346737e+00
1.519165437976187638e+00
1.524047069360028983e+00
1.528928700743869884e+00
1.533810332127711229e+00
1.538691963511552130e+00
1.543573594895393475e+00
1.548455226279234376e+00
1.553336857663075721e+00
1.558218489046916622e+00
1.563100120430757967e+00
1.567981751814598868e+00
1.572863383198439768e+00
1.577745014582281113e+00
1.582626645966122014e+00
1.587508277349963359e+00
1.592389908733804260e+00
1.597271540117645605e+00
1.602153171501486506e+00
1.607034802885327851e+00
1.611916434269168752e+00
1.616798065653010097e+00
1.621679697036850998e+00
1.626561328420692343e+00
1.631442959804533244e+00
1.636324591188374145e+00
1.641206222572215490e+00
1.646087853956056390e+00
1.650969485339897735e+00
1.655851116723738636e+00
1.660732748107579981e+00
1.665614379491420882e+00
1.670496010875262227e+00
1.675377642259103128e+00
1.680259273642944473e+00
1.685140905026785374e+00
1.690022536410626719e+00
1.694904167794467620e+00
1.699785799178308521e+00
1.704667430562149866e+00
1.709549061945990767e+00
1.714430693329832112e+00
1.719312324713673013e+00
1.724193956097514357e+00
1.729075587481355258e+00
1.733957218865196603e+00
1.738838850249037504e+00
1.743720481632878849e+00
1.748602113016719750e+00
1.753483744400561095e+00
1.758365375784401996e+00
1.763247007168243341e+00
1.768128638552084242e+00
1.773010269935925143e+00
1.777891901319766488e+00
1.782773532703607389e+00
1.787655164087448734e+00
1.792536795471289635e+00
1.797418426855130980e+00
1.802300058238971880e+00
1.807181689622813225e+00
1.812063321006654126e+00
1.816944952390495471e+00
1.821826583774336372e+00
1.826708215158177717e+00
1.831589846542018618e+00
1.836471477925859519e+00
1.841353109309700864e+00
1.846234740693541765e+00
1.851116372077383110e+00
1.855998003461224011e+00
1.860879634845065356e+00
1.865761266228906257e+00
1.870642897612747602e+00
1.875524528996588502e+00
1.880406160380429847e+00
1.885287791764270748e+00
1.890169423148112093e+00
1.895051054531952994e+00
1.899932685915793895e+00
1.904814317299635240e+00
1.909695948683476141e+00
1.914577580067317486e+00
1.919459211451158387e+00
1.924340842834999732e+00
1.929222474218840633e+00
1.934104105602681978e+00
1.938985736986522879e+00
1.943867368370364224e+00
1.948748999754205125e+00
1.953630631138046470e+00
1.958512262521887370e+00
1.963393893905728271e+00
1.968275525289569616e+00
1.973157156673410517e+00
1.978038788057251862e+00
1.982920419441092763e+00
1.987802050824934108e+00
1.992683682208775009e+00
1.997565313592616354e+00
2.002446944976457033e+00
2.007328576360298378e+00
2.012210207744139723e+00
2.017091839127981068e+00
2.021973470511821525e+00
2.026855101895662870e+00
2.031736733279504215e+00
2.036618364663344671e+00
2.041499996047186016e+00
2.046381627431027361e+00
2.051263258814868706e+00
2.056144890198709163e+00
2.061026521582550508e+00
2.065908152966391853e+00
2.070789784350233198e+00
2.075671415734073655e+00
2.080553047117915000e+00
2.085434678501756345e+00
2.090316309885597690e+00
2.095197941269438147e+00
2.100079572653279492e+00
2.104961204037120837e+00
2.109842835420961293e+00
2.114724466804802638e+00
2.119606098188643983e+00
2.124487729572485328e+00
2.129369360956325785e+00
2.134250992340167130e+00
2.139132623724008475e+00
2.144014255107849820e+00
2.148895886491690277e+00
2.153777517875531622e+00
2.158659149259372967e+00
2.163540780643213424e+00
2.168422412027054769e+00
2.173304043410896114e+00
2.178185674794737459e+00
2.183067306178577915e+00
2.187948937562419260e+00
2.192830568946260605e+00
2.197712200330101950e+00
2.202593831713942407e+00
2.207475463097783752e+00
2.212357094481625097e+00
2.217238725865466442e+00
2.222120357249306899e+00
2.227001988633148244e+00
2.231883620016989589e+00
2.236765251400830046e+00
2.241646882784671391e+00
2.246528514168512736e+00
2.251410145552354081e+00
2.256291776936194537e+00
2.261173408320035882e+00
2.266055039703877227e+00
2.270936671087718572e+00
2.275818302471559029e+00
2.280699933855400374e+00
2.285581565239241719e+00
2.290463196623083064e+00
2.295344828006923521e+00
2.300226459390764866e+00
2.305108090774606211e+00
2.309989722158446668e+00
2.314871353542288013e+00
2.319752984926129358e+00
2.324634616309970703e+00
2.329516247693811160e+00
2.334397879077652505e+00
2.339279510461493850e+00
2.344161141845335194e+00
2.349042773229175651e+00
2.353924404613016996e+00
2.358806035996858341e+00
2.363687667380698798e+00
2.368569298764540143e+00
2.373450930148381488e+00
2.378332561532222833e+00
2.383214192916063290e+00
2.388095824299904635e+00
2.392977455683745980e+00
2.397859087067587325e+00
2.402740718451427782e+00
2.407622349835269127e+00
2.412503981219110472e+00
2.417385612602951817e+00
2.422267243986792273e+00
2.427148875370633618e+00
2.432030506754474963e+00
2.436912138138315420e+00
2.441793769522156765e+00
2.446675400905998110e+00
2.451557032289839455e+00
2.456438663673679912e+00
2.461320295057521257e+00
2.466201926441362602e+00
2.471083557825203947e+00
2.475965189209044404e+00
2.480846820592885749e+00
2.485728451976727094e+00
2.490610083360567550e+00
2.495491714744408895e+00
2.500373346128250240e+00
2.505254977512091585e+00
2.510136608895932042e+00
2.515018240279773387e+00
2.519899871663614732e+00
2.524781503047456077e+00
2.529663134431296534e+00
2.534544765815137879e+00
2.539426397198979224e+00
2.544308028582820569e+00
2.549189659966661914e+00
2.554071291350502371e+00
2.558952922734343716e+00
2.563834554118185061e+00
2.568716185502025517e+00
2.573597816885866862e+00
2.578479448269708207e+00
2.583361079653549552e+00
2.588242711037390009e+00
2.593124342421231354e+00
2.598005973805072699e+00
2.602887605188914044e+00
2.607769236572754501e+00
2.612650867956595846e+00
2.617532499340437191e+00
2.622414130724277648e+00
2.627295762108118993e+00
2.632177393491960338e+00
2.637059024875801683e+00
2.641940656259642140e+00
2.646822287643483484e+00
2.651703919027324829e+00
2.656585550411166174e+00
2.661467181795006631e+00
2.666348813178847976e+00
2.671230444562689321e+00
2.676112075946530666e+00
2.680993707330371123e+00
2.685875338714212468e+00
2.690756970098053813e+00
2.695638601481894270e+00
2.700520232865735615e+00
2.705401864249576960e+00
2.710283495633418305e+00
2.715165127017258762e+00
2.720046758401100107e+00
2.724928389784941452e+00
2.729810021168782797e+00
2.734691652552623253e+00
2.739573283936464598e+00
2.744454915320305943e+00
2.749336546704147288e+00
2.754218178087987745e+00
