-9.238086992662496444e-01
-9.189221416107500318e-01
-9.140355839552504191e-01
-9.091490262997508065e-01
-9.042624686442511939e-01
-8.993759109887515812e-01
-8.944893533332519686e-01
-8.896027956777523560e-01
-8.847162380222527434e-01
-8.798296803667531307e-01
-8.749431227112535181e-01
-8.700565650557539055e-01
-8.651700074002542928e-01
-8.602834497447546802e-01
-8.553968920892550676e-01
-8.505103344337554550e-01
-8.456237767782558423e-01
-8.407372191227562297e-01
-8.358506614672566171e-01
-8.309641038117570044e-01
-8.260775461562573918e-01
-8.211909885007577792e-01
-8.163044308452581665e-01
-8.114178731897585539e-01
-8.065313155342589413e-01
-8.016447578787593287e-01
-7.967582002232596050e-01
-7.918716425677601034e-01
-7.869850849122603798e-01
-7.820985272567608781e-01
-7.772119696012611545e-01
-7.723254119457616529e-01
-7.674388542902619292e-01
-7.625522966347624276e-01
-7.576657389792627040e-01
-7.527791813237632024e-01
-7.478926236682634787e-01
-7.430060660127639771e-01
-7.381195083572642535e-01
-7.332329507017647519e-01
-7.283463930462650282e-01
-7.234598353907654156e-01
-7.185732777352658029e-01
-7.136867200797661903e-01
-7.088001624242665777e-01
-7.039136047687669651e-01
-6.990270471132673524e-01
-6.941404894577677398e-01
-6.892539318022681272e-01
-6.843673741467685145e-01
-6.794808164912689019e-01
-6.745942588357692893e-01
-6.697077011802696767e-01
-6.648211435247700640e-01
-6.599345858692704514e-01
-6.550480282137708388e-01
-6.501614705582712261e-01
-6.452749129027716135e-01
-6.403883552472720009e-01
-6.355017975917723883e-01
-6.306152399362727756e-01
-6.257286822807731630e-01
-6.208421246252735504e-01
-6.159555669697739377e-01
-6.110690093142743251e-01
-6.061824516587747125e-01
-6.012958940032750998e-01
-5.964093363477754872e-01
-5.915227786922758746e-01
-5.866362210367762620e-01
-5.817496633812766493e-01
-5.768631057257770367e-01
-5.719765480702774241e-01
-5.670899904147778114e-01
-5.622034327592781988e-01
-5.573168751037785862e-01
-5.524303174482789736e-01
-5.475437597927793609e-01
-5.426572021372797483e-01
-5.377706444817801357e-01
-5.328840868262805230e-01
-5.279975291707807994e-01
-5.231109715152812978e-01
-5.182244138597815741e-01
-5.133378562042820725e-01
-5.084512985487823489e-01
-5.035647408932828473e-01
-4.986781832377831791e-01
-4.937916255822835665e-01
-4.889050679267839539e-01
-4.840185102712843412e-01
-4.791319526157847286e-01
-4.742453949602851160e-01
-4.693588373047855034e-01
-4.644722796492858907e-01
-4.595857219937862781e-01
-4.546991643382866655e-01
-4.498126066827870528e-01
-4.449260490272874402e-01
-4.400394913717878276e-01
-4.351529337162882149e-01
-4.302663760607886023e-01
-4.253798184052889897e-01
-4.204932607497893216e-01
-4.156067030942897089e-01
-4.107201454387900963e-01
-4.058335877832904837e-01
-4.009470301277908710e-01
-3.960604724722912584e-01
-3.911739148167916458e-01
-3.862873571612920331e-01
-3.814007995057924205e-01
-3.765142418502928079e-01
-3.716276841947931953e-01
-3.667411265392935826e-01
-3.618545688837939700e-01
-3.569680112282943574e-01
-3.520814535727947447e-01
-3.471948959172951321e-01
-3.423083382617955195e-01
-3.374217806062959069e-01
-3.325352229507962942e-01
-3.276486652952966816e-01
-3.227621076397970690e-01
-3.178755499842974563e-01
-3.129889923287978437e-01
-3.081024346732982311e-01
-3.032158770177986185e-01
-2.983293193622990058e-01
-2.934427617067993932e-01
-2.885562040512997806e-01
-2.836696463958001679e-01
-2.787830887403005553e-01
-2.738965310848009427e-01
-2.690099734293013301e-01
-2.641234157738017174e-01
-2.592368581183021048e-01
-2.543503004628024922e-01
-2.494637428073028795e-01
-2.445771851518032669e-01
-2.396906274963036543e-01
-2.348040698408040416e-01
-2.299175121853044290e-01
-2.250309545298048164e-01
-2.201443968743052038e-01
-2.152578392188055911e-01
-2.103712815633059785e-01
-2.054847239078063659e-01
-2.005981662523067532e-01
-1.957116085968071406e-01
-1.908250509413075280e-01
-1.859384932858079154e-01
-1.810519356303083027e-01
-1.761653779748086901e-01
-1.712788203193090775e-01
-1.663922626638094648e-01
-1.615057050083098522e-01
-1.566191473528102396e-01
-1.517325896973106270e-01
-1.468460320418110143e-01
-1.419594743863114017e-01
-1.370729167308116780e-01
-1.321863590753120654e-01
-1.272998014198124528e-01
-1.224132437643128402e-01
-1.175266861088132275e-01
-1.126401284533136149e-01
-1.077535707978140023e-01
-1.028670131423143896e-01
-9.798045548681477701e-02
-9.309389783131516438e-02
-8.820734017581555175e-02
-8.332078252031593912e-02
-7.843422486481632649e-02
-7.354766720931671387e-02
-6.866110955381710124e-02
-6.377455189831748861e-02
-5.888799424281787598e-02
-5.400143658731826335e-02
-4.911487893181865072e-02
-4.422832127631903809e-02
-3.934176362081942546e-02
-3.445520596531981283e-02
-2.956864830982020020e-02
-2.468209065432058757e-02
-1.979553299882097495e-02
-1.490897534332136232e-02
-1.002241768782174969e-02
-5.135860032322137059e-03
-2.493023768225244297e-04
4.637255278677088199e-03
9.523812934176700828e-03
1.441037058967631346e-02
1.929692824517592609e-02
2.418348590067553872e-02
2.907004355617515134e-02
3.395660121167476397e-02
3.884315886717437660e-02
4.372971652267398923e-02
4.861627417817360186e-02
5.350283183367321449e-02
5.838938948917282712e-02
6.327594714467243975e-02
6.816250480017205238e-02
7.304906245567166501e-02
7.793562011117127764e-02
8.282217776667100129e-02
8.770873542217050289e-02
9.259529307767022654e-02
9.748185073316972815e-02
1.023684083886694518e-01
1.072549660441689534e-01
1.121415236996686771e-01
1.170280813551681787e-01
1.219146390106679023e-01
1.268011966661674039e-01
1.316877543216671276e-01
1.365743119771666292e-01
1.414608696326663528e-01
1.463474272881658544e-01
1.512339849436655781e-01
1.561205425991650797e-01
1.610071002546648034e-01
1.658936579101643050e-01
1.707802155656640286e-01
1.756667732211635302e-01
1.805533308766632539e-01
1.854398885321627555e-01
1.903264461876624791e-01
1.952130038431619807e-01
2.000995614986617044e-01
2.049861191541612060e-01
2.098726768096609296e-01
2.147592344651604312e-01
2.196457921206601549e-01
2.245323497761596565e-01
2.294189074316593802e-01
2.343054650871588818e-01
2.391920227426586054e-01
2.440785803981581070e-01
2.489651380536578307e-01
2.538516957091573323e-01
2.587382533646570559e-01
2.636248110201565575e-01
2.685113686756562812e-01
2.733979263311557828e-01
2.782844839866555064e-01
2.831710416421550081e-01
2.880575992976547317e-01
2.929441569531542333e-01
2.978307146086539570e-01
3.027172722641534586e-01
3.076038299196531822e-01
3.124903875751526838e-01
3.173769452306524075e-01
3.222635028861519091e-01
3.271500605416516327e-01
3.320366181971513564e-01
3.369231758526508580e-01
3.418097335081505816e-01
3.466962911636500833e-01
3.515828488191498069e-01
3.564694064746493085e-01
3.613559641301490322e-01
3.662425217856485338e-01
3.711290794411482574e-01
3.760156370966477590e-01
3.809021947521474827e-01
3.857887524076469843e-01
3.906753100631467079e-01
3.955618677186462095e-01
4.004484253741459332e-01
4.053349830296454348e-01
4.102215406851451585e-01
4.151080983406446601e-01
4.199946559961443837e-01
4.248812136516438853e-01
4.297677713071436090e-01
4.346543289626431106e-01
4.395408866181428342e-01
4.444274442736423358e-01
4.493140019291420595e-01
4.542005595846415611e-01
4.590871172401412847e-01
4.639736748956407864e-01
4.688602325511405100e-01
4.737467902066400116e-01
4.786333478621397353e-01
4.835199055176392369e-01
4.884064631731389605e-01
4.932930208286384621e-01
4.981795784841381858e-01
5.030661361396376874e-01
5.079526937951374110e-01
5.128392514506369126e-01
5.177258091061366363e-01
5.226123667616361379e-01
5.274989244171358616e-01
5.323854820726353632e-01
5.372720397281350868e-01
5.421585973836345884e-01
5.470451550391343121e-01
5.519317126946338137e-01
5.568182703501335373e-01
5.617048280056330389e-01
5.665913856611327626e-01
5.714779433166322642e-01
5.763645009721319878e-01
5.812510586276314895e-01
5.861376162831312131e-01
5.910241739386307147e-01
5.959107315941304384e-01
6.007972892496299400e-01
6.056838469051296636e-01
6.105704045606291652e-01
6.154569622161288889e-01
6.203435198716283905e-01
6.252300775271281141e-01
6.301166351826276157e-01
6.350031928381273394e-01
6.398897504936268410e-01
6.447763081491265647e-01
6.496628658046262883e-01
6.545494234601257899e-01
6.594359811156255136e-01
6.643225387711250152e-01
6.692090964266247388e-01
6.740956540821242404e-01
6.789822117376239641e-01
6.838687693931234657e-01
6.887553270486231893e-01
6.936418847041226909e-01
6.985284423596224146e-01
7.034150000151219162e-01
7.083015576706216399e-01
7.131881153261211415e-01
7.180746729816208651e-01
7.229612306371203667e-01
7.278477882926200904e-01
7.327343459481195920e-01
7.376209036036193156e-01
7.425074612591188172e-01
7.473940189146185409e-01
7.522805765701180425e-01
7.571671342256177661e-01
7.620536918811172677e-01
7.669402495366169914e-01
7.718268071921164930e-01
7.767133648476162167e-01
7.815999225031157183e-01
7.864864801586154419e-01
7.913730378141149435e-01
7.962595954696146672e-01
8.011461531251141688e-01
8.060327107806138924e-01
8.109192684361133940e-01
8.158058260916131177e-01
8.206923837471126193e-01
8.255789414026123429e-01
8.304654990581118446e-01
8.353520567136115682e-01
8.402386143691110698e-01
8.451251720246107935e-01
8.500117296801102951e-01
8.548982873356100187e-01
8.597848449911095203e-01
8.646714026466092440e-01
8.695579603021087456e-01
8.744445179576084692e-01
8.793310756131079708e-01
8.842176332686076945e-01
8.891041909241071961e-01
8.939907485796069198e-01
8.988773062351064214e-01
9.037638638906061450e-01
9.086504215461056466e-01
9.135369792016053703e-01
9.184235368571048719e-01
9.233100945126045955e-01
9.281966521681040971e-01
9.330832098236038208e-01
9.379697674791033224e-01
9.428563251346030460e-01
9.477428827901025477e-01
9.526294404456022713e-01
9.575159981011019950e-01
9.624025557566014966e-01
9.672891134121012202e-01
9.721756710676007218e-01
9.770622287231004455e-01
9.819487863785999471e-01
9.868353440340996707e-01
9.917219016895991723e-01
9.966084593450988960e-01
1.001495017000598509e+00
1.006381574656098010e+00
1.011268132311597512e+00
1.016154689967097458e+00
1.021041247622596959e+00
1.025927805278096461e+00
1.030814362933595962e+00
1.035700920589095908e+00
1.040587478244595410e+00
1.045474035900094911e+00
1.050360593555594413e+00
1.055247151211094359e+00
1.060133708866593860e+00
1.065020266522093362e+00
1.069906824177592863e+00
1.074793381833092809e+00
1.079679939488592311e+00
1.084566497144091812e+00
1.089453054799591758e+00
1.094339612455091260e+00
1.099226170110590761e+00
1.104112727766090263e+00
1.108999285421590209e+00
1.113885843077089710e+00
1.118772400732589212e+00
1.123658958388088713e+00
1.128545516043588659e+00
1.133432073699088161e+00
1.138318631354587662e+00
1.143205189010087164e+00
1.148091746665587110e+00
1.152978304321086611e+00
1.157864861976586113e+00
1.162751419632085614e+00
1.167637977287585560e+00
1.172524534943085062e+00
1.177411092598584563e+00
1.182297650254084065e+00
1.187184207909584011e+00
1.192070765565083512e+00
1.196957323220583014e+00
1.201843880876082515e+00
1.206730438531582461e+00
1.211616996187081963e+00
1.216503553842581464e+00
1.221390111498080966e+00
1.226276669153580912e+00
1.231163226809080413e+00
1.236049784464579915e+00
1.240936342120079416e+00
1.245822899775579362e+00
1.250709457431078864e+00
1.255596015086578365e+00
1.260482572742077867e+00
1.265369130397577813e+00
1.270255688053077314e+00
1.275142245708576816e+00
1.280028803364076762e+00
1.284915361019576263e+00
1.289801918675075765e+00
1.294688476330575266e+00
1.299575033986075212e+00
1.304461591641574714e+00
1.309348149297074215e+00
1.314234706952573717e+00
1.319121264608073663e+00
1.324007822263573164e+00
1.328894379919072666e+00
1.333780937574572167e+00
1.338667495230072113e+00
1.343554052885571615e+00
1.348440610541071116e+00
1.353327168196570618e+00
1.358213725852070564e+00
1.363100283507570065e+00
1.367986841163069567e+00
1.372873398818569068e+00
1.377759956474069014e+00
1.382646514129568516e+00
1.387533071785068017e+00
1.392419629440567519e+00
1.397306187096067465e+00
1.402192744751566966e+00
1.407079302407066468e+00
1.411965860062565969e+00
1.416852417718065915e+00
1.421738975373565417e+00
1.426625533029064918e+00
1.431512090684564420e+00
1.436398648340064366e+00
1.441285205995563867e+00
1.446171763651063369e+00
1.451058321306562870e+00
1.455944878962062816e+00
1.460831436617562318e+00
1.465717994273061819e+00
1.470604551928561321e+00
1.475491109584061267e+00
1.480377667239560768e+00
1.485264224895060270e+00
1.490150782550559772e+00
1.495037340206059717e+00
1.499923897861559219e+00
1.504810455517058720e+00
1.509697013172558222e+00
1.514583570828058168e+00
1.519470128483557669e+00
1.524356686139057171e+00
1.529243243794556673e+00
1.534129801450056618e+00
1.539016359105556120e+00
1.543902916761055621e+00
1.548789474416555123e+00
1.553676032072055069e+00
1.558562589727554570e+00
1.563449147383054072e+00
1.568335705038553574e+00
1.573222262694053519e+00
1.578108820349553021e+00
1.582995378005052522e+00
1.587881935660552468e+00
1.592768493316051970e+00
1.597655050971551471e+00
1.602541608627050973e+00
1.607428166282550919e+00
1.612314723938050420e+00
1.617201281593549922e+00
1.622087839249049424e+00
1.626974396904549369e+00
1.631860954560048871e+00
1.636747512215548372e+00
1.641634069871047874e+00
1.646520627526547820e+00
1.651407185182047321e+00
1.656293742837546823e+00
1.661180300493046325e+00
1.666066858148546270e+00
1.670953415804045772e+00
1.675839973459545273e+00
1.680726531115044775e+00
1.685613088770544721e+00
1.690499646426044222e+00
1.695386204081543724e+00
1.700272761737043226e+00
1.705159319392543171e+00
1.710045877048042673e+00
1.714932434703542175e+00
1.719818992359041676e+00
1.724705550014541622e+00
1.729592107670041123e+00
1.734478665325540625e+00
1.739365222981040127e+00
1.744251780636540072e+00
1.749138338292039574e+00
1.754024895947539076e+00
1.758911453603038577e+00
1.763798011258538523e+00
1.768684568914038024e+00
1.773571126569537526e+00
1.778457684225037028e+00
1.783344241880536973e+00
1.788230799536036475e+00
1.793117357191535977e+00
1.798003914847035478e+00
1.802890472502535424e+00
1.807777030158034925e+00
1.812663587813534427e+00
1.817550145469033929e+00
1.822436703124533874e+00
1.827323260780033376e+00
1.832209818435532878e+00
1.837096376091032379e+00
1.841982933746532325e+00
1.846869491402031827e+00
1.851756049057531328e+00
1.856642606713030830e+00
1.861529164368530775e+00
1.866415722024030277e+00
1.871302279679529779e+00
1.876188837335029280e+00
1.881075394990529226e+00
1.885961952646028728e+00
1.890848510301528229e+00
1.895735067957028175e+00
1.900621625612527676e+00
1.905508183268027178e+00
1.910394740923526680e+00
1.915281298579026625e+00
1.920167856234526127e+00
1.925054413890025629e+00
1.929940971545525130e+00
1.934827529201025076e+00
1.939714086856524577e+00
1.944600644512024079e+00
1.949487202167523581e+00
1.954373759823023526e+00
1.959260317478523028e+00
1.964146875134022530e+00
1.969033432789522031e+00
1.973919990445021977e+00
1.978806548100521479e+00
1.983693105756020980e+00
1.988579663411520482e+00
1.993466221067020427e+00
1.998352778722519929e+00
2.003239336378019431e+00
2.008125894033518932e+00
2.013012451689018878e+00
2.017899009344518380e+00
2.022785567000017881e+00
2.027672124655517383e+00
2.032558682311017328e+00
2.037445239966516830e+00
2.042331797622016332e+00
2.047218355277515833e+00
2.052104912933015779e+00
2.056991470588515281e+00
2.061878028244014782e+00
2.066764585899514284e+00
2.071651143555014229e+00
2.076537701210513731e+00
2.081424258866013233e+00
2.086310816521512734e+00
2.091197374177012680e+00
2.096083931832512182e+00
2.100970489488011683e+00
2.105857047143511185e+00
2.110743604799011131e+00
2.115630162454510632e+00
2.120516720110010134e+00
2.125403277765509635e+00
2.130289835421009581e+00
2.135176393076509083e+00
2.140062950732008584e+00
2.144949508387508086e+00
2.149836066043008032e+00
2.154722623698507533e+00
2.159609181354007035e+00
2.164495739009506536e+00
2.169382296665006482e+00
2.174268854320505984e+00
2.179155411976005485e+00
2.184041969631504987e+00
2.188928527287004933e+00
2.193815084942504434e+00
2.198701642598003936e+00
2.203588200253503437e+00
2.208474757909003383e+00
2.213361315564502885e+00
2.218247873220002386e+00
2.223134430875502332e+00
2.228020988531001834e+00
2.232907546186501335e+00
2.237794103842000837e+00
2.242680661497500783e+00
2.247567219153000284e+00
2.252453776808499786e+00
2.257340334463999287e+00
2.262226892119499233e+00
2.267113449774998735e+00
2.272000007430498236e+00
2.276886565085997738e+00
2.281773122741497684e+00
2.286659680396997185e+00
2.291546238052496687e+00
2.296432795707996188e+00
2.301319353363496134e+00
2.306205911018995636e+00
2.311092468674495137e+00
2.315979026329994639e+00
2.320865583985494585e+00
2.325752141640994086e+00
2.330638699296493588e+00
2.335525256951993089e+00
2.340411814607493035e+00
2.345298372262992537e+00
2.350184929918492038e+00
2.355071487573991540e+00
2.359958045229491486e+00
2.364844602884990987e+00
2.369731160540490489e+00
2.374617718195989990e+00
2.379504275851489936e+00
2.384390833506989438e+00
2.389277391162488939e+00
2.394163948817988441e+00
2.399050506473488387e+00
2.403937064128987888e+00
2.408823621784487390e+00
2.413710179439986891e+00
2.418596737095486837e+00
2.423483294750986339e+00
2.428369852406485840e+00
2.433256410061985342e+00
2.438142967717485288e+00
2.443029525372984789e+00
2.447916083028484291e+00
2.452802640683983793e+00
2.457689198339483738e+00
2.462575755994983240e+00
2.467462313650482741e+00
2.472348871305982243e+00
2.477235428961482189e+00
2.482121986616981690e+00
2.487008544272481192e+00
2.491895101927980694e+00
2.496781659583480639e+00
2.501668217238980141e+00
2.506554774894479642e+00
2.511441332549979144e+00
2.516327890205479090e+00
2.521214447860978591e+00
2.526101005516478093e+00
2.530987563171978039e+00
2.535874120827477540e+00
2.540760678482977042e+00
2.545647236138476543e+00
2.550533793793976489e+00
2.555420351449475991e+00
2.560306909104975492e+00
2.565193466760474994e+00
2.570080024415974940e+00
2.574966582071474441e+00
2.579853139726973943e+00
2.584739697382473445e+00
2.589626255037973390e+00
2.594512812693472892e+00
2.599399370348972393e+00
2.604285928004471895e+00
2.609172485659971841e+00
2.614059043315471342e+00
2.618945600970970844e+00
2.623832158626470346e+00
2.628718716281970291e+00
2.633605273937469793e+00
2.638491831592969294e+00
2.643378389248468796e+00
2.648264946903968742e+00
2.653151504559468243e+00
2.658038062214967745e+00
2.662924619870467247e+00
2.667811177525967192e+00
2.672697735181466694e+00
2.677584292836966195e+00
2.682470850492465697e+00
2.687357408147965643e+00
2.692243965803465144e+00
2.697130523458964646e+00
2.702017081114464148e+00
2.706903638769964093e+00
2.711790196425463595e+00
2.716676754080963097e+00
2.721563311736462598e+00
2.726449869391962544e+00
2.731336427047462045e+00
2.736222984702961547e+00
2.741109542358461049e+00
2.745996100013960994e+00
2.750882657669460496e+00
2.755769215324959998e+00
2.760655772980459499e+00
2.765542330635959445e+00
2.770428888291458946e+00
2.775315445946958448e+00
2.780202003602457950e+00
2.785088561257957895e+00
2.789975118913457397e+00
2.794861676568956899e+00
2.799748234224456400e+00
2.804634791879956346e+00
2.809521349535455848e+00
2.814407907190955349e+00
2.819294464846454851e+00
2.824181022501954796e+00
2.829067580157454298e+00
2.833954137812953800e+00
2.838840695468453745e+00
2.843727253123953247e+00
2.848613810779452749e+00
2.853500368434952250e+00
2.858386926090452196e+00
2.863273483745951697e+00
2.868160041401451199e+00
2.873046599056950701e+00
2.877933156712450646e+00
2.882819714367950148e+00
2.887706272023449650e+00
2.892592829678949151e+00
2.897479387334449097e+00
2.902365944989948598e+00
2.907252502645448100e+00
2.912139060300947602e+00
2.917025617956447547e+00
2.921912175611947049e+00
2.926798733267446551e+00
2.931685290922946052e+00
2.936571848578445998e+00
2.941458406233945500e+00
2.946344963889445001e+00
2.951231521544944503e+00
2.956118079200444448e+00
2.961004636855943950e+00
2.965891194511443452e+00
2.970777752166942953e+00
2.975664309822442899e+00
2.980550867477942401e+00
2.985437425133441902e+00
2.990323982788941404e+00
2.995210540444441349e+00
3.000097098099940851e+00
3.004983655755440353e+00
3.009870213410939854e+00
3.014756771066439800e+00
3.019643328721939302e+00
3.024529886377438803e+00
3.029416444032938305e+00
3.034303001688438250e+00
3.039189559343937752e+00
3.044076116999437254e+00
3.048962674654936755e+00
3.053849232310436701e+00
3.058735789965936203e+00
3.063622347621435704e+00
3.068508905276935206e+00
3.073395462932435152e+00
3.078282020587934653e+00
3.083168578243434155e+00
3.088055135898933656e+00
3.092941693554433158e+00
3.097828251209932660e+00
3.102714808865433049e+00
3.107601366520932551e+00
3.112487924176432053e+00
3.117374481831931554e+00
3.122261039487431056e+00
3.127147597142930557e+00
3.132034154798430059e+00
3.136920712453929561e+00
3.141807270109429950e+00
3.146693827764929452e+00
3.151580385420428954e+00
3.156466943075928455e+00
3.161353500731427957e+00
3.166240058386927458e+00
3.171126616042426960e+00
3.176013173697927350e+00
3.180899731353426851e+00
3.185786289008926353e+00
3.190672846664425855e+00
3.195559404319925356e+00
3.200445961975424858e+00
3.205332519630924359e+00
3.210219077286423861e+00
3.215105634941924251e+00
3.219992192597423752e+00
3.224878750252923254e+00
3.229765307908422756e+00
3.234651865563922257e+00
3.239538423219421759e+00
3.244424980874921260e+00
3.249311538530420762e+00
3.254198096185921152e+00
3.259084653841420653e+00
3.263971211496920155e+00
3.268857769152419657e+00
3.273744326807919158e+00
3.278630884463418660e+00
3.283517442118918161e+00
3.288403999774417663e+00
3.293290557429918053e+00
3.298177115085417554e+00
3.303063672740917056e+00
3.307950230396416558e+00
3.312836788051916059e+00
3.317723345707415561e+00
3.322609903362915063e+00
3.327496461018414564e+00
3.332383018673914954e+00
3.337269576329414456e+00
3.342156133984913957e+00
3.347042691640413459e+00
3.351929249295912960e+00
3.356815806951412462e+00
3.361702364606911964e+00
3.366588922262411465e+00
3.371475479917911855e+00
3.376362037573411357e+00
3.381248595228910858e+00
3.386135152884410360e+00
3.391021710539909861e+00
3.395908268195409363e+00
3.400794825850908865e+00
3.405681383506408366e+00
3.410567941161908756e+00
3.415454498817408258e+00
3.420341056472907759e+00
3.425227614128407261e+00
3.430114171783906762e+00
3.435000729439406264e+00
3.439887287094905766e+00
3.444773844750405267e+00
3.449660402405905657e+00
3.454546960061405159e+00
3.459433517716904660e+00
3.464320075372404162e+00
3.469206633027903663e+00
3.474093190683403165e+00
3.478979748338902667e+00
3.483866305994403056e+00
3.488752863649902558e+00
3.493639421305402060e+00
3.498525978960901561e+00
3.503412536616401063e+00
3.508299094271900564e+00
3.513185651927400066e+00
3.518072209582899568e+00
3.522958767238399957e+00
3.527845324893899459e+00
3.532731882549398961e+00
3.537618440204898462e+00
3.542504997860397964e+00
3.547391555515897466e+00
3.552278113171396967e+00
3.557164670826896469e+00
3.562051228482396859e+00
3.566937786137896360e+00
3.571824343793395862e+00
3.576710901448895363e+00
3.581597459104394865e+00
3.586484016759894367e+00
3.591370574415393868e+00
3.596257132070893370e+00
3.601143689726393760e+00
3.606030247381893261e+00
3.610916805037392763e+00
3.615803362692892264e+00
3.620689920348391766e+00
3.625576478003891268e+00
3.630463035659390769e+00
3.635349593314890271e+00
3.640236150970390661e+00
3.645122708625890162e+00
3.650009266281389664e+00
3.654895823936889165e+00
3.659782381592388667e+00
3.664668939247888169e+00
3.669555496903387670e+00
3.674442054558887172e+00
3.679328612214387562e+00
3.684215169869887063e+00
3.689101727525386565e+00
3.693988285180886066e+00
3.698874842836385568e+00
3.703761400491885070e+00
3.708647958147384571e+00
3.713534515802884073e+00
3.718421073458384463e+00
3.723307631113883964e+00
3.728194188769383466e+00
3.733080746424882967e+00
3.737967304080382469e+00
3.742853861735881971e+00
3.747740419391381472e+00
3.752626977046880974e+00
3.757513534702381364e+00
3.762400092357880865e+00
3.767286650013380367e+00
3.772173207668879868e+00
3.777059765324379370e+00
3.781946322979878872e+00
3.786832880635378373e+00
3.791719438290878763e+00
3.796605995946378265e+00
3.801492553601877766e+00
3.806379111257377268e+00
3.811265668912876770e+00
3.816152226568376271e+00
3.821038784223875773e+00
3.825925341879375274e+00
3.830811899534875664e+00
3.835698457190375166e+00
3.840585014845874667e+00
3.845471572501374169e+00
3.850358130156873671e+00
3.855244687812373172e+00
3.860131245467872674e+00
3.865017803123372175e+00
3.869904360778872565e+00
3.874790918434372067e+00
3.879677476089871568e+00
3.884564033745371070e+00
3.889450591400870572e+00
3.894337149056370073e+00
3.899223706711869575e+00
3.904110264367369076e+00
3.908996822022869466e+00
3.913883379678368968e+00
3.918769937333868469e+00
3.923656494989367971e+00
3.928543052644867473e+00
3.933429610300366974e+00
3.938316167955866476e+00
3.943202725611365977e+00
3.948089283266866367e+00
3.952975840922365869e+00
3.957862398577865370e+00
3.962748956233364872e+00
3.967635513888864374e+00
3.972522071544363875e+00
3.977408629199863377e+00
3.982295186855362878e+00
3.987181744510863268e+00
3.992068302166362770e+00
3.996954859821862271e+00
4.001841417477361773e+00
4.006727975132861275e+00
4.011614532788360776e+00
4.016501090443860278e+00
4.021387648099359780e+00
4.026274205754860169e+00
4.031160763410359671e+00
4.036047321065859173e+00
4.040933878721358674e+00
4.045820436376858176e+00
4.050706994032357677e+00
4.055593551687857179e+00
4.060480109343356681e+00
4.065366666998857070e+00
4.070253224654356572e+00
4.075139782309856074e+00
4.080026339965355575e+00
4.084912897620855077e+00
4.089799455276354578e+00
4.094686012931854080e+00
4.099572570587354470e+00
4.104459128242853971e+00
4.109345685898353473e+00
4.114232243553852975e+00
4.119118801209352476e+00
4.124005358864851978e+00
4.128891916520351479e+00
4.133778474175850981e+00
4.138665031831351371e+00
4.143551589486850872e+00
4.148438147142350374e+00
4.153324704797849876e+00
4.158211262453349377e+00
4.163097820108848879e+00
4.167984377764348380e+00
4.172870935419847882e+00
4.177757493075348272e+00
4.182644050730847773e+00
4.187530608386347275e+00
4.192417166041846777e+00
4.197303723697346278e+00
4.202190281352845780e+00
4.207076839008345281e+00
4.211963396663844783e+00
4.216849954319345173e+00
4.221736511974844674e+00
4.226623069630344176e+00
4.231509627285843678e+00
4.236396184941343179e+00
4.241282742596842681e+00
4.246169300252342182e+00
4.251055857907841684e+00
4.255942415563342074e+00
4.260828973218841575e+00
4.265715530874341077e+00
4.270602088529840579e+00
4.275488646185340080e+00
4.280375203840839582e+00
4.285261761496339084e+00
4.290148319151838585e+00
4.295034876807338975e+00
4.299921434462838477e+00
4.304807992118337978e+00
4.309694549773837480e+00
4.314581107429336981e+00
4.319467665084836483e+00
4.324354222740335985e+00
4.329240780395835486e+00
4.334127338051335876e+00
